person,293.478,128.316,434.942,330.666,0.558238
person,83.725,67.192,180.43,331.217,0.222019
person,164.39,69.439,279.901,335.111,0.142478
chair,410.602,239.167,441.269,295.356,0.075068
cell phone,108.853,105.725,124.992,128.834,0.068281
handbag,23.927,254.404,77.415,333.454,0.061788
clock,278.684,0.518,336.73,29.593,0.051398
cell phone,204.05,107.484,213.295,128.779,0.049106
frisbee,278.254,1.22,336.009,30.524,0.046702
remote,352.202,222.978,373.662,240.254,0.045052
handbag,288.991,143.49,440.981,336.0,0.040122
handbag,409.264,238.394,441.89,296.662,0.037158
chair,277.692,233.573,304.897,306.565,0.034168
person,132.364,116.989,278.044,331.665,0.033386
handbag,303.497,229.861,418.966,310.648,0.030594
chair,27.35,211.336,97.487,331.841,0.024728
chair,23.927,254.404,77.415,333.454,0.020979
handbag,208.802,133.891,275.453,272.135,0.020808
sports ball,278.684,0.518,336.73,29.593,0.020565
handbag,321.209,217.579,442.11,323.739,0.020554
handbag,165.237,69.787,279.811,333.557,0.016665
handbag,38.21,251.992,87.103,333.771,0.016246
chair,421.921,248.291,440.632,298.211,0.015539
handbag,215.66,177.562,269.018,227.087,0.015281
remote,291.585,128.351,437.373,331.403,0.014324
cell phone,352.202,222.978,373.662,240.254,0.013986
person,101.836,55.785,260.955,336.0,0.012785
chair,31.364,186.179,104.311,310.329,0.012702
person,194.944,86.096,288.656,319.646,0.012344
person,169.691,88.61,271.883,273.445,0.012301
tie,421.921,248.291,440.632,298.211,0.012002
chair,34.973,250.525,88.664,334.52,0.011797
chair,287.985,233.198,305.4,294.675,0.011628
cup,396.055,319.684,442.013,336.0,0.011436
chair,405.851,245.63,448.0,334.419,0.011315
person,110.639,65.55,200.663,336.0,0.01058
cell phone,291.585,128.351,437.373,331.403,0.010339
handbag,301.0,223.553,376.405,322.13,0.010334
chair,26.816,129.651,110.418,324.314,0.01013
handbag,405.522,245.18,448.0,334.201,0.009896
bowl,278.684,0.518,336.73,29.593,0.009883
cup,278.684,0.518,336.73,29.593,0.00965
chair,404.535,210.459,442.786,295.283,0.009204
handbag,26.032,228.337,75.709,321.21,0.009153
remote,335.297,230.302,371.364,249.711,0.00894
wine glass,396.055,319.684,442.013,336.0,0.008846
person,69.508,109.113,167.97,335.345,0.008475
person,295.118,133.205,425.129,275.46,0.008445
person,402.156,300.23,446.541,334.634,0.008284
person,208.802,133.891,275.453,272.135,0.008223
car,289.721,320.652,348.312,335.73,0.007994
chair,293.122,137.986,333.716,215.172,0.007704
person,291.539,133.634,393.112,321.812,0.007476
handbag,223.296,180.32,260.952,212.534,0.007415
chair,0.0,126.454,45.525,320.982,0.007185
handbag,22.686,261.962,62.445,330.025,0.006961
person,174.052,88.366,260.968,212.483,0.006551
handbag,58.87,265.721,81.04,323.622,0.006541
cell phone,95.794,87.613,122.009,134.381,0.006371
handbag,132.364,116.989,278.044,331.665,0.006325
bowl,395.784,319.542,442.55,336.0,0.006323
chair,325.044,236.703,444.883,333.985,0.006298
remote,135.872,265.626,146.943,283.49,0.006272
backpack,409.264,238.394,441.89,296.662,0.006226
cell phone,104.945,86.715,121.391,129.142,0.006218
handbag,325.727,241.472,380.315,300.952,0.006052
handbag,221.814,159.599,262.232,208.984,0.006035
couch,293.478,128.316,434.942,330.666,0.005985
person,26.816,129.651,110.418,324.314,0.005724
chair,279.992,244.975,360.827,331.796,0.005363
chair,269.926,238.35,303.445,331.153,0.005263
handbag,422.201,245.948,443.244,321.276,0.005235
handbag,24.701,246.962,97.608,336.0,0.005193
oven,27.35,211.336,97.487,331.841,0.005191
remote,345.504,222.028,367.867,240.38,0.005162
backpack,304.938,228.372,416.511,310.83,0.005146
person,94.463,103.555,219.165,336.0,0.005121
remote,25.4,260.087,57.816,288.099,0.005113
cell phone,203.096,114.745,213.009,135.023,0.004935
handbag,421.621,247.785,441.184,298.797,0.004928
chair,284.318,220.83,346.042,322.339,0.00484
handbag,220.877,187.928,265.848,224.948,0.004824
person,22.193,221.285,78.909,330.337,0.004646
chair,292.5,217.638,344.526,282.02,0.004633
chair,402.156,300.23,446.541,334.634,0.004606
orange,278.254,1.22,336.009,30.524,0.004606
kite,278.684,0.518,336.73,29.593,0.004585
handbag,277.692,233.573,304.897,306.565,0.004464
handbag,402.156,300.23,446.541,334.634,0.004458
backpack,23.927,254.404,77.415,333.454,0.004392
person,81.302,144.087,278.078,336.0,0.004391
vase,23.997,254.941,77.08,333.342,0.004325
stop sign,278.254,1.22,336.009,30.524,0.004311
person,395.784,319.542,442.55,336.0,0.004264
cell phone,108.362,99.706,119.086,117.246,0.004216
handbag,324.717,232.469,405.195,296.293,0.004181
chair,66.007,261.734,101.912,330.114,0.004122
tie,425.25,258.741,437.828,291.867,0.004103
handbag,111.693,127.185,247.668,321.781,0.00404
handbag,94.463,103.555,219.165,336.0,0.004037
handbag,106.371,59.96,253.785,336.0,0.004025
chair,24.919,228.25,77.852,321.816,0.003978
chair,269.372,231.191,302.062,298.321,0.003922
chair,263.609,218.255,289.428,322.683,0.00388
chair,403.891,231.363,438.792,276.237,0.003843
person,86.632,73.804,174.977,250.085,0.003824
tie,108.853,105.725,124.992,128.834,0.003801
handbag,122.774,135.121,190.901,309.802,0.003791
clock,352.45,223.025,373.119,240.012,0.003759
chair,301.0,223.553,376.405,322.13,0.003757
handbag,85.634,130.74,106.775,195.413,0.003741
chair,431.521,243.719,446.675,328.249,0.003709
person,22.31,256.27,78.437,335.797,0.003706
toothbrush,108.853,105.725,124.992,128.834,0.003706
handbag,232.908,177.49,267.283,214.396,0.003643
handbag,368.6,221.801,441.101,318.441,0.003601
chair,0.046,139.959,42.504,270.791,0.003598
bottle,421.921,248.291,440.632,298.211,0.003596
person,405.522,245.18,448.0,334.201,0.003518
couch,299.258,227.385,428.42,314.855,0.0035
chair,379.988,224.028,440.503,303.129,0.003419
dining table,277.692,233.573,304.897,306.565,0.003373
handbag,194.944,86.096,288.656,319.646,0.003369
cell phone,210.092,110.484,223.847,126.24,0.003365
chair,3.364,122.415,85.373,328.855,0.003362
chair,293.478,128.316,434.942,330.666,0.003323
chair,422.201,245.948,443.244,321.276,0.003288
handbag,329.412,239.258,358.082,259.434,0.00327
handbag,334.166,229.378,372.331,250.596,0.003132
bottle,422.201,245.948,443.244,321.276,0.003129
couch,22.31,256.27,78.437,335.797,0.003099
suitcase,23.927,254.404,77.415,333.454,0.003097
handbag,424.277,258.044,441.046,308.824,0.003094
backpack,321.209,217.579,442.11,323.739,0.003092
chair,22.686,261.962,62.445,330.025,0.002989
chair,412.302,226.093,442.535,280.451,0.00298
person,26.737,211.39,99.011,331.677,0.002971
handbag,23.688,248.606,59.707,299.865,0.002934
chair,425.25,258.741,437.828,291.867,0.002915
person,408.211,291.552,448.0,331.298,0.002879
remote,23.688,248.606,59.707,299.865,0.002863
person,409.264,238.394,441.89,296.662,0.002828
handbag,237.667,173.28,262.814,197.826,0.002781
person,3.364,122.415,85.373,328.855,0.002724
cup,402.156,300.23,446.541,334.634,0.002698
couch,318.749,218.194,444.456,325.573,0.002696
handbag,209.27,176.757,248.859,214.213,0.002677
backpack,86.037,77.723,178.217,291.907,0.002666
tie,422.201,245.948,443.244,321.276,0.002607
bottle,23.997,254.941,77.08,333.342,0.002598
handbag,110.639,65.55,200.663,336.0,0.002596
person,224.625,125.929,305.58,321.033,0.002588
remote,402.156,300.23,446.541,334.634,0.002541
traffic light,278.254,1.22,336.009,30.524,0.002523
chair,275.141,185.308,306.731,311.126,0.002519
chair,388.772,236.428,433.036,290.66,0.002512
bottle,424.277,258.044,441.046,308.824,0.002489
person,278.684,0.518,336.73,29.593,0.002428
cup,291.585,128.351,437.373,331.403,0.002422
bird,278.684,0.518,336.73,29.593,0.00237
cell phone,223.221,180.578,260.712,212.245,0.002367
handbag,318.388,231.355,370.962,314.204,0.002346
wine glass,291.585,128.351,437.373,331.403,0.002326
person,111.693,127.185,247.668,321.781,0.002322
couch,26.737,211.39,99.011,331.677,0.002319
couch,32.304,190.734,103.655,305.584,0.002314
chair,295.351,233.176,341.242,266.768,0.002309
couch,293.122,137.986,333.716,215.172,0.002307
person,28.706,73.068,148.445,331.728,0.002299
handbag,86.748,148.12,272.072,336.0,0.002277
person,352.321,162.492,446.679,328.483,0.002257
handbag,169.691,88.61,271.883,273.445,0.00225
handbag,25.4,260.087,57.816,288.099,0.002233
cell phone,200.171,96.397,212.601,122.313,0.002217
tie,122.774,135.121,190.901,309.802,0.002217
dining table,22.31,256.27,78.437,335.797,0.002201
chair,286.799,238.851,302.248,307.141,0.002185
fork,108.853,105.725,124.992,128.834,0.002175
person,421.621,247.785,441.184,298.797,0.002172
dining table,26.737,211.39,99.011,331.677,0.002163
handbag,212.426,164.648,245.144,204.938,0.002147
couch,29.391,145.33,108.18,308.623,0.002129
remote,108.853,105.725,124.992,128.834,0.002101
remote,332.757,235.265,350.534,251.236,0.002099
handbag,327.367,225.15,378.529,276.833,0.002095
apple,278.254,1.22,336.009,30.524,0.002094
remote,27.861,260.592,49.984,286.282,0.002089
chair,58.87,265.721,81.04,323.622,0.002079
book,291.585,128.351,437.373,331.403,0.002074
person,404.535,210.459,442.786,295.283,0.00207
person,197.466,154.425,285.423,333.138,0.002066
chair,413.445,236.234,441.402,270.163,0.002052
handbag,63.608,283.571,76.697,305.41,0.002032
chair,130.759,144.219,276.552,336.0,0.002001
oven,39.881,185.047,102.432,318.673,0.001999
wine glass,352.202,222.978,373.662,240.254,0.001998
toothbrush,204.05,107.484,213.295,128.779,0.001992
remote,343.651,226.899,378.767,246.37,0.001985
chair,299.258,227.385,428.42,314.855,0.001982
chair,424.277,258.044,441.046,308.824,0.001962
remote,408.29,291.591,448.0,331.59,0.001959
keyboard,270.13,210.082,295.646,231.302,0.001942
chair,395.784,319.542,442.55,336.0,0.001932
handbag,134.281,109.682,225.113,295.098,0.001928
handbag,200.595,185.637,257.091,229.623,0.001922
refrigerator,26.816,129.651,110.418,324.314,0.00191
handbag,401.839,216.953,440.764,290.809,0.001905
bottle,426.306,269.804,439.585,297.364,0.001891
remote,204.05,107.484,213.295,128.779,0.001889
chair,71.102,290.363,102.988,332.939,0.00188
chair,296.026,227.721,341.995,258.32,0.001866
handbag,27.435,254.158,73.351,296.767,0.001851
refrigerator,0.0,129.332,44.424,318.644,0.001816
handbag,55.598,250.187,83.764,321.967,0.001804
tie,424.277,258.044,441.046,308.824,0.001793
couch,0.0,129.332,44.424,318.644,0.00179
toilet,29.391,145.33,108.18,308.623,0.001777
dining table,31.66,154.626,105.957,297.868,0.001773
person,74.263,68.652,158.608,296.127,0.001772
dining table,39.881,185.047,102.432,318.673,0.001766
chair,432.65,258.28,445.61,313.465,0.001761
remote,342.279,232.046,366.047,247.696,0.001746
cell phone,201.306,99.951,211.523,117.132,0.001744
bench,291.76,245.398,369.845,330.142,0.001736
chair,83.203,106.172,181.549,336.0,0.001728
tennis racket,278.684,0.518,336.73,29.593,0.001724
chair,39.587,195.388,102.106,285.406,0.001723
bottle,402.156,300.23,446.541,334.634,0.001713
pizza,396.055,319.684,442.013,336.0,0.0017
mouse,278.684,0.518,336.73,29.593,0.001698
fork,352.202,222.978,373.662,240.254,0.001692
tie,409.264,238.394,441.89,296.662,0.00169
remote,396.055,319.684,442.013,336.0,0.001686
wine glass,270.631,210.671,295.148,230.912,0.001682
bowl,291.585,128.351,437.373,331.403,0.001677
fork,291.585,128.351,437.373,331.403,0.001673
knife,421.921,248.291,440.632,298.211,0.00167
pizza,291.585,128.351,437.373,331.403,0.001667
book,277.692,233.573,304.897,306.565,0.00166
tie,94.463,103.555,219.165,336.0,0.00166
sink,22.31,256.27,78.437,335.797,0.001641
person,325.044,236.703,444.883,333.985,0.00162
cup,0.0,129.332,44.424,318.644,0.001607
bowl,402.156,300.23,446.541,334.634,0.00159
handbag,388.772,236.428,433.036,290.66,0.00159
person,431.521,243.719,446.675,328.249,0.001587
chair,268.167,170.775,302.741,279.934,0.001587
dining table,405.851,245.63,448.0,334.419,0.001587
handbag,66.007,261.734,101.912,330.114,0.001585
fork,421.921,248.291,440.632,298.211,0.001579
umbrella,278.254,1.22,336.009,30.524,0.001565
cell phone,221.125,187.694,265.607,224.164,0.001552
chair,432.88,248.155,446.524,300.677,0.001538
sink,39.881,185.047,102.432,318.673,0.001534
donut,396.055,319.684,442.013,336.0,0.001532
tie,38.21,251.992,87.103,333.771,0.001528
scissors,291.585,128.351,437.373,331.403,0.001528
umbrella,36.188,255.993,89.9,336.0,0.001523
handbag,44.917,281.148,87.864,333.996,0.001517
cell phone,232.854,177.846,267.355,213.858,0.001498
handbag,58.704,278.845,81.538,333.945,0.00149
knife,422.201,245.948,443.244,321.276,0.001483
cell phone,215.367,155.271,241.925,193.841,0.001477
chair,267.06,177.531,311.137,321.502,0.001474
handbag,86.037,77.723,178.217,291.907,0.001461
chair,433.459,274.993,448.0,318.243,0.001452
tie,23.927,254.404,77.415,333.454,0.001441
chair,288.577,192.122,345.572,301.184,0.001435
chair,55.598,250.187,83.764,321.967,0.001429
handbag,289.701,149.151,390.392,331.34,0.001424
toilet,32.304,190.734,103.655,305.584,0.001416
umbrella,22.31,256.27,78.437,335.797,0.001395
remote,361.881,222.774,383.957,240.774,0.001389
handbag,211.531,138.151,245.176,210.534,0.001386
cup,23.997,254.941,77.08,333.342,0.001369
donut,278.254,1.22,336.009,30.524,0.001368
chair,290.069,229.154,305.01,278.907,0.001366
bottle,291.585,128.351,437.373,331.403,0.001365
bottle,26.032,228.337,75.709,321.21,0.00136
knife,424.277,258.044,441.046,308.824,0.001356
person,422.201,245.948,443.244,321.276,0.001344
knife,291.585,128.351,437.373,331.403,0.001335
chair,44.917,281.148,87.864,333.996,0.001334
chair,356.716,168.361,444.677,323.948,0.001334
handbag,44.992,255.475,79.179,317.344,0.001327
handbag,403.891,231.363,438.792,276.237,0.001324
handbag,349.905,243.743,448.0,334.357,0.001321
book,289.721,320.652,348.312,335.73,0.001304
chair,23.816,279.196,73.854,334.659,0.001301
cell phone,213.842,165.688,243.846,203.562,0.001297
knife,426.306,269.804,439.585,297.364,0.00129
backpack,85.634,130.74,106.775,195.413,0.001287
couch,24.919,228.25,77.852,321.816,0.001278
dog,23.927,254.404,77.415,333.454,0.001269
handbag,426.306,269.804,439.585,297.364,0.001262
handbag,284.808,235.764,433.845,333.851,0.001262
cake,396.055,319.684,442.013,336.0,0.001261
person,31.364,186.179,104.311,310.329,0.001261
dining table,283.257,246.165,358.813,331.831,0.001258
sink,31.66,154.626,105.957,297.868,0.001247
