person,219.603,198.102,307.501,272.463,0.69905
elephant,219.233,242.604,366.081,327.386,0.694778
person,267.295,200.973,312.433,268.137,0.656956
elephant,372.068,250.322,418.532,295.448,0.491357
person,385.764,213.403,424.56,254.223,0.39915
bench,384.414,227.189,423.713,254.731,0.389189
person,423.664,229.053,442.481,254.647,0.320249
person,394.444,211.992,411.631,231.015,0.272543
elephant,371.532,247.789,440.631,296.144,0.217978
bench,385.674,213.837,424.701,254.278,0.200464
person,264.998,196.932,295.492,244.277,0.17193
apple,30.649,283.348,50.043,307.954,0.134015
person,30.649,283.348,50.043,307.954,0.102515
chair,278.339,234.843,313.88,266.255,0.093456
apple,29.917,282.978,40.837,297.35,0.092971
person,390.033,204.714,426.554,247.01,0.073822
person,394.676,210.429,424.565,241.076,0.060053
person,270.978,196.745,293.748,235.539,0.05675
person,246.4,197.873,306.601,267.938,0.048064
bench,381.097,229.959,429.618,262.12,0.041426
person,262.561,196.921,306.876,250.621,0.040946
person,278.814,196.531,292.659,223.086,0.04077
person,420.746,230.718,439.682,258.574,0.038522
person,419.061,223.847,440.701,255.886,0.037983
apple,33.34,281.961,52.586,295.965,0.034107
bench,278.339,234.843,313.88,266.255,0.033847
chair,384.283,227.033,423.737,254.814,0.029079
person,382.409,220.571,414.198,254.005,0.026375
apple,31.322,281.081,50.952,300.653,0.025644
person,385.722,211.899,409.849,232.906,0.021117
person,412.95,222.828,425.717,242.056,0.020379
person,384.283,209.784,432.186,268.38,0.020249
person,272.826,208.249,310.366,255.451,0.019198
person,274.25,195.224,293.896,224.539,0.019029
bench,382.41,220.461,414.567,254.208,0.018023
chair,385.674,213.837,424.701,254.278,0.017423
person,384.351,211.984,410.812,252.044,0.017381
bench,384.208,228.487,409.977,254.822,0.017286
person,231.898,196.643,295.887,255.086,0.01666
chair,275.488,241.528,312.413,269.347,0.016002
elephant,260.016,251.318,365.87,334.514,0.014469
elephant,372.34,249.166,473.6,296.649,0.014204
apple,31.63,294.983,46.179,308.227,0.013982
person,384.996,227.349,423.053,254.613,0.012392
person,409.892,227.153,425.886,252.52,0.010936
chair,269.44,206.213,311.731,265.854,0.010896
person,385.637,192.041,430.813,251.695,0.010569
person,396.969,227.147,424.84,253.203,0.010337
bench,396.969,227.147,424.84,253.203,0.010147
bench,267.295,200.973,312.433,268.137,0.009589
bench,275.488,241.528,312.413,269.347,0.009213
apple,56.87,287.754,66.383,303.825,0.009022
apple,54.128,235.326,66.71,242.507,0.008895
apple,43.487,288.218,54.215,304.226,0.008605
person,250.002,197.287,289.366,250.548,0.008281
bench,375.965,219.64,419.766,259.181,0.008136
apple,54.772,221.886,64.182,231.078,0.007996
person,242.751,202.475,291.249,271.083,0.007034
elephant,321.37,251.098,368.869,296.52,0.006339
bear,82.964,111.708,113.641,126.833,0.005665
elephant,248.862,247.309,346.342,324.338,0.005641
bear,81.982,111.295,120.488,170.502,0.005547
apple,52.788,222.804,64.993,240.012,0.005495
apple,588.883,241.481,610.923,262.765,0.005305
person,23.042,280.128,57.187,312.548,0.005207
elephant,388.312,251.922,491.667,293.55,0.004819
person,273.339,228.199,312.52,268.368,0.004381
bench,379.329,233.041,414.124,259.091,0.004229
chair,384.252,228.784,409.98,254.683,0.00411
person,385.437,220.438,394.914,231.464,0.004092
apple,53.485,222.145,63.06,237.247,0.003824
person,279.762,196.363,291.669,209.483,0.003806
person,375.965,219.64,419.766,259.181,0.003637
person,384.252,228.784,409.98,254.683,0.003624
bench,409.374,227.099,426.109,252.619,0.003407
bench,384.283,209.784,432.186,268.38,0.00338
apple,51.577,284.549,65.61,304.882,0.00335
chair,381.097,229.959,429.618,262.12,0.003292
person,280.352,196.375,297.47,222.257,0.003043
chair,277.079,213.006,317.481,267.19,0.003001
bench,286.85,219.752,342.391,263.819,0.002987
apple,32.151,292.448,48.885,309.782,0.002976
apple,14.26,273.392,23.996,281.017,0.002967
apple,20.404,286.359,32.124,304.423,0.002898
person,395.097,208.907,424.232,230.055,0.002767
bench,421.011,228.633,440.567,254.444,0.00271
bench,375.19,226.464,433.289,285.339,0.002707
person,370.074,196.776,417.614,247.664,0.002703
person,386.58,229.744,433.505,261.463,0.002623
dining table,384.996,227.349,423.053,254.613,0.002597
person,384.476,220.744,395.662,244.043,0.002535
elephant,381.385,230.118,429.366,262.043,0.002479
person,201.528,199.988,211.622,231.969,0.002416
bird,82.61,111.943,113.431,128.566,0.002362
person,588.883,241.481,610.923,262.765,0.002362
elephant,314.173,249.388,373.751,315.611,0.002357
person,29.917,282.978,40.837,297.35,0.002344
apple,17.804,268.87,26.403,276.634,0.002286
apple,43.819,283.001,55.12,296.42,0.002197
apple,50.236,279.328,65.166,300.001,0.002187
apple,21.399,284.213,33.331,296.365,0.002181
apple,36.314,277.913,50.389,286.634,0.002169
person,56.957,287.74,66.385,303.915,0.002007
apple,9.334,280.227,30.871,313.751,0.001978
bench,222.548,197.649,308.744,271.525,0.00196
apple,21.772,266.33,27.339,272.357,0.001958
chair,382.409,220.571,414.198,254.005,0.00193
person,402.353,210.206,433.317,242.364,0.00192
apple,45.857,278.082,57.283,285.825,0.001918
person,272.644,197.98,307.124,233.484,0.001903
apple,569.346,263.63,580.809,276.086,0.001892
elephant,325.209,227.657,445.508,320.744,0.001859
person,261.267,214.191,289.359,248.583,0.001848
elephant,169.695,238.429,361.635,312.206,0.001844
umbrella,175.791,318.06,215.096,335.217,0.001823
person,223.333,197.75,281.871,269.691,0.001772
person,396.471,195.525,441.63,250.555,0.001734
bench,384.212,211.969,410.989,252.04,0.001669
elephant,260.479,233.711,366.172,309.381,0.001659
apple,88.766,269.647,108.552,284.097,0.001654
apple,44.564,221.622,62.25,241.832,0.001626
apple,21.21,273.3,36.291,284.783,0.001614
elephant,389.314,253.823,416.751,292.627,0.001611
horse,219.235,240.46,365.73,327.855,0.001605
bench,383.978,226.824,397.229,253.063,0.001589
bench,372.291,250.967,439.26,295.28,0.001588
apple,564.762,160.081,579.095,170.888,0.001582
apple,23.042,280.128,57.187,312.548,0.001582
person,421.527,224.438,433.487,242.338,0.001565
person,217.633,221.067,303.681,272.915,0.001552
sheep,82.964,111.708,113.641,126.833,0.001526
apple,29.061,273.371,44.815,284.538,0.001514
apple,137.273,172.048,154.31,191.625,0.00151
person,257.002,217.871,280.48,246.822,0.00144
person,399.255,232.559,422.778,258.229,0.001418
person,389.679,210.077,407.737,229.001,0.001365
elephant,338.455,248.546,419.79,293.921,0.001357
elephant,372.821,260.069,408.776,296.45,0.001343
apple,58.101,284.719,65.825,296.857,0.001337
orange,30.649,283.348,50.043,307.954,0.001325
elephant,312.497,309.961,339.169,331.701,0.001297
person,409.54,214.228,426.635,238.736,0.001271
apple,28.889,270.053,53.362,308.256,0.001269
apple,71.098,281.343,84.899,296.917,0.001265
apple,61.278,275.906,87.855,300.83,0.001247
person,264.145,195.938,292.183,226.013,0.001235
backpack,267.295,200.973,312.433,268.137,0.001221
chair,396.969,227.147,424.84,253.203,0.001211
apple,71.427,287.871,85.617,298.857,0.001204
person,279.483,205.335,315.51,261.178,0.001196
apple,574.516,161.019,590.28,173.419,0.001169
handbag,267.295,200.973,312.433,268.137,0.001164
person,219.34,187.954,350.435,296.072,0.001162
bench,282.274,231.444,332.71,267.985,0.001159
bench,393.926,211.904,416.791,232.87,0.001152
bench,399.255,232.559,422.778,258.229,0.00115
apple,46.308,220.698,60.279,230.351,0.00114
bench,376.52,229.653,416.8,270.931,0.001137
person,249.575,223.934,318.848,272.072,0.001135
elephant,375.19,226.464,433.289,285.339,0.001114
person,31.295,281.491,51.0,299.538,0.001109
chair,409.91,227.413,425.863,252.274,0.001102
apple,83.333,249.341,98.472,263.215,0.001089
train,219.235,240.46,365.73,327.855,0.001085
person,268.527,211.438,300.661,252.412,0.001069
person,369.831,216.67,422.695,279.645,0.001064
elephant,416.398,256.962,487.028,297.984,0.001054
apple,12.949,281.62,27.742,296.019,0.001048
apple,89.256,249.982,111.42,263.151,0.001029
broccoli,81.982,111.295,120.488,170.502,0.001016
person,195.498,197.916,212.345,230.831,0.001015
person,31.757,294.938,46.283,308.129,0.001011
person,219.014,227.611,282.921,272.145,0.001004
