cake,184.581,266.725,307.964,399.925,0.607349
knife,313.847,300.55,393.803,444.066,0.348158
bench,116.929,84.595,194.411,135.196,0.310587
bench,81.585,77.553,185.722,154.568,0.293017
sandwich,182.9,263.989,309.296,402.103,0.250918
spoon,313.847,300.55,393.803,444.066,0.235615
bowl,379.421,222.893,538.814,340.534,0.232204
fork,318.86,314.997,395.841,442.171,0.216177
knife,324.609,333.499,396.722,444.615,0.190714
knife,585.404,368.494,638.53,418.096,0.190098
knife,582.188,333.162,639.363,415.327,0.161871
dining table,276.576,295.773,426.18,449.115,0.153427
bench,121.523,74.019,187.901,101.931,0.13609
spoon,350.556,271.623,432.273,351.476,0.12515
cup,380.963,231.641,563.613,365.053,0.119899
potted plant,294.829,54.996,338.76,105.819,0.117441
book,262.862,198.985,375.738,271.056,0.090541
bench,133.554,97.477,193.532,141.059,0.089323
dining table,157.012,192.316,547.113,481.0,0.087894
person,394.265,2.89,448.181,41.122,0.08731
spoon,324.609,333.499,396.722,444.615,0.078051
dining table,0.0,202.549,352.955,471.712,0.073513
knife,276.576,295.773,426.18,449.115,0.072197
spoon,311.917,235.384,464.19,381.313,0.071736
dining table,314.248,302.033,394.109,442.726,0.071698
spoon,582.84,334.315,639.97,408.859,0.071471
bench,87.153,61.36,176.925,112.312,0.070095
chair,0.0,265.548,124.604,479.948,0.069549
fork,276.576,295.773,426.18,449.115,0.066178
dining table,305.567,243.431,640.0,481.0,0.064497
potted plant,313.504,78.317,337.734,102.547,0.063287
spoon,585.404,368.494,638.53,418.096,0.062775
dining table,376.863,228.432,565.602,367.825,0.060678
fork,302.771,290.453,388.395,433.74,0.060156
spoon,276.576,295.773,426.18,449.115,0.05853
dining table,311.917,235.384,464.19,381.313,0.057629
traffic light,112.507,5.969,131.163,44.191,0.05609
spoon,479.169,286.522,560.452,370.073,0.051661
dining table,261.199,233.198,516.316,425.504,0.050631
fork,585.404,368.494,638.53,418.096,0.048569
bench,85.859,95.096,155.284,176.15,0.048254
person,395.174,7.793,427.688,41.413,0.047947
potted plant,229.568,60.016,279.778,114.021,0.046079
bench,156.986,84.205,208.633,126.373,0.04319
fork,582.188,333.162,639.363,415.327,0.038578
person,365.251,0.929,405.966,39.412,0.037934
potted plant,267.275,61.894,311.661,106.572,0.037637
knife,351.822,272.959,421.277,340.966,0.037472
bench,156.84,74.591,225.051,109.406,0.035888
suitcase,243.755,119.303,374.974,209.548,0.034498
potted plant,302.829,41.936,351.835,105.085,0.034451
person,0.0,130.305,48.655,227.394,0.033348
person,373.647,7.106,411.326,38.645,0.033061
dining table,176.353,263.611,298.75,402.591,0.032588
dining table,121.089,80.633,581.702,464.326,0.032208
spoon,365.565,298.357,454.376,361.569,0.032036
cup,474.676,285.594,561.481,371.582,0.029776
spoon,340.881,273.444,383.394,291.009,0.029467
bench,54.72,95.773,136.272,176.448,0.028984
potted plant,253.986,0.0,300.886,54.071,0.02883
spoon,256.067,236.508,561.558,422.953,0.028058
potted plant,226.191,57.6,266.227,117.438,0.027735
dining table,107.542,256.589,477.744,475.501,0.027702
potted plant,292.35,16.994,354.372,88.238,0.027431
book,257.445,194.01,368.599,243.461,0.026502
book,196.958,196.787,373.296,274.708,0.026217
dining table,72.144,145.923,500.512,465.393,0.026151
dining table,314.487,254.412,508.866,356.377,0.025956
knife,578.142,332.604,633.87,395.275,0.025763
fork,351.822,272.959,421.277,340.966,0.025634
dining table,121.523,74.019,187.901,101.931,0.025333
potted plant,321.732,47.193,376.965,106.565,0.025082
potted plant,290.61,27.027,334.109,91.828,0.024441
spoon,365.838,268.896,457.671,342.024,0.024435
potted plant,298.552,50.888,329.804,98.698,0.024371
person,112.318,5.844,131.857,44.46,0.024322
person,0.0,0.0,56.986,229.838,0.023889
dining table,246.283,215.018,589.336,391.066,0.023588
bench,83.889,75.708,159.823,133.504,0.023419
spoon,343.824,272.786,409.622,328.742,0.023194
dining table,116.929,84.595,194.411,135.196,0.023129
dining table,321.255,231.057,630.843,424.916,0.022898
bench,97.873,79.237,176.759,134.092,0.022496
fork,340.881,273.444,383.394,291.009,0.022384
bench,122.152,61.711,193.978,117.462,0.022023
dining table,217.506,267.867,524.414,470.122,0.021698
book,233.259,190.574,404.565,290.513,0.021532
potted plant,211.463,61.318,256.049,113.33,0.021418
dining table,226.878,142.018,605.398,421.23,0.021299
knife,294.977,330.241,415.583,449.096,0.021216
dining table,476.003,286.189,559.979,370.712,0.021215
person,378.75,8.484,406.025,36.452,0.020813
spoon,450.295,274.598,560.777,353.615,0.020711
bench,211.463,61.318,256.049,113.33,0.020569
person,406.861,8.787,438.133,40.637,0.020486
dining table,442.624,256.377,586.346,401.509,0.020272
chair,603.161,246.851,639.377,302.995,0.020157
bowl,582.384,334.227,640.0,409.7,0.019966
bench,144.173,62.359,188.389,82.421,0.019796
bench,229.568,60.016,279.778,114.021,0.01955
chair,80.864,76.98,186.325,156.036,0.019442
bench,39.794,57.191,150.217,179.418,0.019343
cup,387.835,221.572,528.992,340.379,0.018257
vase,313.002,79.009,337.593,103.03,0.018153
spoon,350.639,290.205,424.913,366.608,0.018149
dining table,81.585,77.553,185.722,154.568,0.018087
spoon,372.334,289.485,437.549,364.535,0.01744
person,421.513,2.298,470.042,42.761,0.017083
bench,126.548,60.113,181.18,84.81,0.01675
fork,311.086,331.229,383.288,423.857,0.016709
person,460.859,25.577,476.323,47.764,0.016686
dining table,127.314,225.335,431.129,444.696,0.016651
knife,340.881,273.444,383.394,291.009,0.016626
knife,311.917,235.384,464.19,381.313,0.016281
bench,163.885,86.3,197.452,123.279,0.015961
potted plant,251.994,58.674,286.354,93.991,0.015719
spoon,515.625,209.274,583.555,256.321,0.015562
potted plant,231.143,6.208,296.248,95.918,0.015412
potted plant,0.177,0.0,57.636,229.682,0.015368
chair,87.153,61.36,176.925,112.312,0.015282
backpack,54.819,96.588,135.876,177.16,0.015205
person,415.864,8.605,459.182,41.193,0.014797
fork,324.543,280.431,396.343,412.188,0.014674
potted plant,259.083,54.033,316.836,110.299,0.014662
bench,167.019,85.223,197.835,98.441,0.014662
knife,201.961,196.995,508.759,479.146,0.014594
book,266.902,217.111,381.807,276.925,0.01445
bowl,479.169,286.522,560.452,370.073,0.014386
bench,95.703,64.832,208.665,162.442,0.014234
potted plant,167.632,0.0,281.29,99.524,0.014158
dining table,127.947,134.21,516.147,394.346,0.014097
potted plant,256.935,6.374,311.539,87.343,0.014046
knife,311.086,331.229,383.288,423.857,0.014044
person,0.383,64.73,51.736,226.468,0.013796
bench,90.881,68.573,149.098,110.97,0.013778
chair,126.392,71.232,190.461,107.032,0.013713
bowl,360.929,271.242,450.903,353.504,0.013561
spoon,344.687,272.07,403.911,293.756,0.013466
spoon,311.086,331.229,383.288,423.857,0.013405
traffic light,131.735,24.286,146.591,60.148,0.01338
fork,294.977,330.241,415.583,449.096,0.013363
person,303.214,0.0,389.839,39.503,0.013294
spoon,336.98,274.33,385.627,314.094,0.013276
potted plant,319.374,43.157,363.762,101.46,0.013248
knife,602.455,237.081,640.0,301.141,0.012977
dining table,530.148,230.382,635.226,298.204,0.012964
knife,262.862,198.985,375.738,271.056,0.012937
spoon,342.919,239.846,436.243,324.952,0.012911
fork,602.455,237.081,640.0,301.141,0.012907
knife,324.543,280.431,396.343,412.188,0.01283
spoon,344.958,274.839,373.099,289.063,0.012735
potted plant,54.72,95.773,136.272,176.448,0.012664
spoon,340.603,293.054,410.62,393.544,0.012578
spoon,324.543,280.431,396.343,412.188,0.012557
spoon,484.307,285.924,560.16,342.677,0.012515
chair,229.568,60.016,279.778,114.021,0.012391
spoon,396.462,283.812,558.615,371.383,0.01229
car,251.994,58.674,286.354,93.991,0.012149
spoon,216.541,144.404,560.863,416.002,0.012086
spoon,379.846,267.771,439.577,329.292,0.012046
suitcase,212.073,113.023,368.51,232.604,0.012033
person,375.483,0.0,403.83,25.914,0.01203
bench,90.57,99.147,177.042,167.725,0.011948
dining table,17.534,79.461,429.526,464.062,0.011825
potted plant,227.57,82.588,260.966,120.024,0.011788
knife,522.864,371.256,634.55,416.791,0.011783
dining table,133.716,204.048,369.419,420.602,0.011783
book,602.418,235.059,640.0,302.875,0.011617
knife,268.886,285.576,389.743,436.592,0.011545
knife,343.824,272.786,409.622,328.742,0.011517
carrot,313.002,79.009,337.593,103.03,0.011483
potted plant,304.49,22.912,384.238,76.063,0.011437
bench,61.818,77.492,199.574,192.051,0.011348
bench,152.551,63.697,183.051,79.174,0.011329
person,149.053,39.268,162.217,74.293,0.011325
spoon,314.487,254.412,508.866,356.377,0.011143
bench,157.086,81.383,205.15,101.54,0.010929
car,227.431,114.525,543.546,233.127,0.010888
bench,102.168,73.565,173.69,108.391,0.010873
fork,343.824,272.786,409.622,328.742,0.010713
traffic light,133.109,32.719,145.825,55.67,0.010655
potted plant,47.252,122.24,105.004,177.704,0.010571
potted plant,34.295,140.253,99.606,204.846,0.010568
fork,311.917,235.384,464.19,381.313,0.010403
traffic light,143.507,22.881,161.792,61.887,0.010333
person,54.72,95.773,136.272,176.448,0.0103
knife,571.873,381.364,640.0,423.958,0.010166
chair,0.0,130.305,48.655,227.394,0.01016
person,227.431,114.525,543.546,233.127,0.009983
spoon,392.444,282.329,450.218,339.382,0.009942
fork,344.687,272.07,403.911,293.756,0.009886
spoon,486.544,318.196,548.754,369.714,0.009872
dining table,241.705,306.485,640.0,481.0,0.009871
cup,602.472,236.639,640.0,301.309,0.009836
person,421.64,10.547,452.595,40.044,0.009831
potted plant,302.579,76.05,331.621,102.108,0.009815
spoon,294.977,330.241,415.583,449.096,0.009735
chair,530.148,230.382,635.226,298.204,0.009734
dining table,0.0,268.851,125.898,476.146,0.00973
fork,262.862,198.985,375.738,271.056,0.009691
bird,54.819,96.588,135.876,177.16,0.009545
bowl,521.031,231.677,636.908,300.734,0.009503
knife,304.408,276.065,386.757,417.349,0.009451
potted plant,312.493,52.157,344.636,97.772,0.009377
spoon,321.255,231.057,630.843,424.916,0.009243
dining table,424.944,213.674,601.454,410.555,0.009232
bench,0.0,140.163,46.576,228.359,0.009164
fork,344.958,274.839,373.099,289.063,0.009056
potted plant,325.047,69.901,359.535,102.187,0.009027
spoon,274.345,309.678,381.37,439.91,0.00901
bench,121.492,58.928,153.056,81.832,0.008933
bench,153.918,77.892,184.967,96.321,0.008805
potted plant,297.713,38.194,329.883,79.492,0.008732
fork,335.451,338.391,405.768,446.515,0.008697
knife,340.603,293.054,410.62,393.544,0.008633
oven,379.421,222.893,538.814,340.534,0.008603
knife,266.902,217.111,381.807,276.925,0.008574
knife,515.625,209.274,583.555,256.321,0.008458
chair,57.284,64.508,141.327,175.942,0.008448
spoon,380.963,231.641,563.613,365.053,0.008435
book,196.0,170.153,371.184,252.346,0.008418
dining table,190.688,100.32,581.182,380.812,0.00837
umbrella,303.214,0.0,389.839,39.503,0.008367
potted plant,321.232,35.713,371.809,76.221,0.008349
bench,153.522,61.99,228.665,115.773,0.008334
knife,351.853,284.471,431.762,365.997,0.008323
spoon,348.821,277.603,407.317,346.83,0.008288
person,0.0,268.851,125.898,476.146,0.00822
dining table,31.439,161.945,341.834,366.848,0.008145
spoon,485.341,327.766,521.873,367.119,0.008103
dining table,80.71,321.095,424.244,476.463,0.007956
dining table,294.977,330.241,415.583,449.096,0.007912
fork,578.158,332.684,633.969,395.268,0.007862
spoon,439.448,295.398,540.208,357.23,0.007857
car,312.441,114.827,571.44,245.548,0.007821
book,147.065,178.587,425.756,297.542,0.007779
tv,243.844,112.324,376.526,202.024,0.007722
dining table,97.874,258.036,351.373,467.458,0.00767
bench,74.354,24.93,189.766,143.371,0.007661
chair,142.921,16.663,174.845,72.327,0.007654
pizza,602.455,237.081,640.0,301.141,0.007625
fork,515.625,209.274,583.555,256.321,0.007605
fork,571.873,381.364,640.0,423.958,0.007579
person,131.735,24.286,146.591,60.148,0.007432
book,245.464,182.594,386.269,254.595,0.007364
sandwich,602.455,237.081,640.0,301.141,0.00734
cup,424.944,213.674,601.454,410.555,0.007247
car,229.568,60.016,279.778,114.021,0.007226
potted plant,258.037,10.941,302.902,65.345,0.007224
cake,602.472,236.639,640.0,301.309,0.007216
bench,162.298,78.206,235.842,102.759,0.007137
potted plant,283.281,56.071,304.441,97.163,0.007136
dining table,87.153,61.36,176.925,112.312,0.007134
chair,115.266,82.607,194.898,137.976,0.007128
banana,474.676,285.594,561.481,371.582,0.007105
cup,463.484,253.315,563.283,370.832,0.007058
bench,82.836,66.845,128.467,105.433,0.007034
potted plant,228.902,54.327,261.343,92.823,0.007031
handbag,54.819,96.588,135.876,177.16,0.007008
person,459.051,12.354,475.005,42.344,0.006968
knife,336.98,274.33,385.627,314.094,0.006964
bench,227.57,82.588,260.966,120.024,0.006923
handbag,0.0,274.054,118.103,477.234,0.006911
spoon,304.408,276.065,386.757,417.349,0.006849
fork,351.853,284.471,431.762,365.997,0.006847
chair,267.275,61.894,311.661,106.572,0.006833
knife,344.687,272.07,403.911,293.756,0.00681
bench,68.642,79.358,140.238,168.625,0.006798
fork,337.259,274.73,385.473,314.087,0.006767
bench,115.587,107.526,190.939,153.174,0.006702
spoon,201.961,196.995,508.759,479.146,0.006673
person,142.985,21.863,162.33,62.331,0.006651
umbrella,304.49,22.912,384.238,76.063,0.006598
dining table,1.538,203.746,256.079,474.862,0.006593
bench,226.191,57.6,266.227,117.438,0.006585
car,243.755,119.303,374.974,209.548,0.006566
potted plant,250.836,62.51,286.752,110.663,0.00648
umbrella,292.35,16.994,354.372,88.238,0.006425
bench,58.636,35.957,137.442,136.801,0.006264
dining table,386.202,223.941,554.164,333.175,0.006253
spoon,472.836,280.888,541.181,347.088,0.006225
spoon,379.253,327.649,430.427,360.277,0.006213
knife,344.958,274.839,373.099,289.063,0.006152
car,87.625,36.088,110.918,51.564,0.006142
fork,340.603,293.054,410.62,393.544,0.00609
potted plant,0.0,0.191,133.815,220.802,0.006082
person,39.794,57.191,150.217,179.418,0.00605
fork,201.961,196.995,508.759,479.146,0.006027
bench,210.347,82.876,256.413,119.952,0.005996
dining table,247.398,227.423,396.596,444.814,0.00599
spoon,463.484,253.315,563.283,370.832,0.005934
bench,226.21,82.797,250.309,118.009,0.005891
book,530.148,230.382,635.226,298.204,0.005889
fork,266.902,217.111,381.807,276.925,0.005881
car,419.072,27.941,451.314,43.274,0.005872
chair,0.0,168.11,50.996,228.392,0.005818
spoon,359.259,320.306,430.016,366.935,0.005817
backpack,243.634,117.821,378.617,215.695,0.005813
handbag,243.634,117.821,378.617,215.695,0.005801
potted plant,156.84,74.591,225.051,109.406,0.005789
