clock,113.367,41.023,286.701,204.913,0.48411
person,465.405,367.197,477.558,387.789,0.262963
truck,50.671,352.281,129.339,417.761,0.195812
car,47.306,371.135,185.862,537.159,0.185185
car,50.671,352.281,129.339,417.761,0.166897
car,57.133,391.595,218.362,552.561,0.130265
car,49.117,358.427,135.099,452.928,0.113848
cake,0.283,558.092,90.111,640.0,0.098829
car,48.911,360.99,176.169,466.665,0.062396
car,61.886,392.977,279.467,511.693,0.057837
car,121.442,380.13,294.415,581.252,0.05091
sandwich,0.283,558.092,90.111,640.0,0.048613
truck,133.412,375.987,176.761,404.286,0.046151
car,35.005,366.296,143.028,535.274,0.041679
truck,42.873,350.927,165.666,431.845,0.035267
truck,142.374,377.702,183.771,413.29,0.033692
truck,49.117,358.427,135.099,452.928,0.031913
potted plant,127.655,483.914,181.687,589.182,0.031772
car,49.12,351.849,162.243,429.195,0.030251
car,130.957,386.974,220.359,438.961,0.03018
truck,48.911,360.99,176.169,466.665,0.029662
car,123.561,399.077,282.372,506.121,0.029471
car,133.412,375.987,176.761,404.286,0.029224
car,113.896,366.247,180.175,411.983,0.028124
truck,139.696,370.056,199.718,411.476,0.026646
car,129.143,390.561,233.752,454.935,0.02452
car,139.696,370.056,199.718,411.476,0.024478
car,78.893,377.514,201.832,454.047,0.023354
car,131.542,400.564,233.289,510.878,0.021738
person,87.424,354.319,125.199,375.496,0.02171
bench,431.379,392.918,454.708,419.049,0.021006
person,402.083,383.062,411.991,400.879,0.020691
truck,113.896,366.247,180.175,411.983,0.019915
potted plant,431.379,392.918,454.708,419.049,0.019593
truck,47.306,371.135,185.862,537.159,0.019128
potted plant,433.859,381.841,453.354,404.251,0.015654
car,127.11,379.022,181.747,440.262,0.015517
truck,102.702,359.779,190.059,418.999,0.014964
car,138.844,380.371,189.449,434.88,0.014929
car,58.531,354.743,141.015,397.907,0.013509
truck,53.67,350.748,127.444,382.208,0.011553
car,102.702,359.779,190.059,418.999,0.01128
car,87.424,354.319,125.199,375.496,0.010623
car,49.88,383.69,129.51,458.368,0.010528
truck,78.893,377.514,201.832,454.047,0.009954
truck,150.624,379.213,179.464,409.653,0.009917
truck,129.796,384.845,221.065,445.682,0.009854
truck,58.531,354.743,141.015,397.907,0.009777
car,135.485,396.862,195.604,447.432,0.009658
bus,139.696,370.056,199.718,411.476,0.009349
car,54.913,367.791,219.381,474.582,0.009286
couch,0.0,555.869,92.087,640.0,0.009122
car,94.588,367.198,176.642,448.952,0.008886
potted plant,131.002,480.669,198.067,615.43,0.008702
clock,118.074,60.846,249.168,198.35,0.008474
truck,118.706,375.594,298.978,587.717,0.0081
bed,0.0,538.502,91.492,636.814,0.008011
car,53.67,350.748,127.444,382.208,0.007927
car,142.374,377.702,183.771,413.29,0.007906
donut,0.283,558.092,90.111,640.0,0.00772
car,137.798,411.487,256.494,500.755,0.00769
dining table,0.0,536.57,92.018,638.133,0.007554
chair,0.0,555.267,91.919,640.0,0.007469
car,306.72,391.691,319.775,425.604,0.007173
truck,53.813,390.864,219.553,552.85,0.007101
car,124.309,395.693,182.807,447.055,0.007077
truck,32.267,365.496,148.297,535.727,0.006907
person,57.849,362.137,181.522,456.084,0.006739
car,147.018,392.269,251.219,436.411,0.006423
person,385.222,382.686,396.653,401.019,0.006395
person,49.941,354.645,129.699,403.323,0.005828
truck,85.807,354.292,125.827,376.464,0.005815
traffic light,153.203,264.69,186.68,306.496,0.005671
truck,64.862,390.987,275.167,515.284,0.005614
truck,54.913,367.791,219.381,474.582,0.005552
car,141.238,285.491,332.193,608.363,0.0054
person,140.608,378.2,163.514,399.893,0.005193
car,307.456,387.165,320.539,400.601,0.005104
hot dog,0.283,558.092,90.111,640.0,0.005096
car,318.764,389.453,340.901,399.93,0.005065
car,115.905,395.471,221.579,489.795,0.005034
person,126.883,374.517,142.927,404.585,0.005021
car,113.806,395.011,221.604,545.809,0.00502
person,399.779,381.128,413.388,403.637,0.00492
car,137.412,391.53,260.061,548.682,0.004907
potted plant,54.801,307.831,115.346,353.502,0.004787
bench,0.283,558.092,90.111,640.0,0.004674
truck,138.844,380.371,189.449,434.88,0.004551
bench,404.294,393.53,419.94,415.298,0.004517
car,128.321,408.952,217.545,608.704,0.00451
person,134.472,376.165,175.758,403.74,0.0045
clock,155.534,43.869,273.279,199.431,0.004496
car,140.608,378.2,163.514,399.893,0.004489
handbag,465.405,367.197,477.558,387.789,0.004379
potted plant,409.83,393.259,450.208,427.362,0.004346
bench,409.83,393.259,450.208,427.362,0.004344
car,465.319,367.465,477.23,387.886,0.004302
pizza,0.283,558.092,90.111,640.0,0.004265
person,53.239,349.833,128.552,382.052,0.004181
truck,140.608,378.2,163.514,399.893,0.004115
person,128.809,364.102,142.457,392.511,0.004026
car,304.486,413.935,317.541,433.294,0.004021
car,128.348,460.88,181.16,583.952,0.004021
car,118.651,368.702,152.834,414.724,0.003895
traffic light,363.709,358.14,373.692,370.985,0.003891
person,306.72,391.691,319.775,425.604,0.003884
person,120.227,369.885,152.749,411.367,0.003877
bus,50.671,352.281,129.339,417.761,0.003804
person,103.481,371.958,169.858,444.084,0.003717
bench,304.486,413.935,317.541,433.294,0.003589
potted plant,404.695,393.74,419.559,414.873,0.003565
car,90.576,391.343,208.811,526.758,0.003554
clock,121.476,226.312,150.801,301.918,0.003546
car,150.624,379.213,179.464,409.653,0.003508
person,68.023,357.131,132.9,393.908,0.00338
car,152.885,388.332,178.514,426.218,0.003365
car,76.585,355.149,160.438,394.51,0.003341
parking meter,52.529,379.216,186.141,538.075,0.003321
person,48.366,350.596,131.473,433.471,0.003244
stop sign,121.299,226.211,150.539,302.261,0.00324
bicycle,404.695,393.74,419.559,414.873,0.003186
truck,127.11,379.022,181.747,440.262,0.003169
car,110.575,379.719,282.562,458.212,0.003161
fire hydrant,431.528,393.017,454.354,419.074,0.003044
person,150.624,379.213,179.464,409.653,0.003043
backpack,465.405,367.197,477.558,387.789,0.003021
car,20.121,394.621,160.976,542.545,0.003019
car,103.261,397.927,249.386,617.455,0.002939
bench,409.322,394.791,430.824,419.935,0.002915
bench,444.306,389.698,461.512,423.42,0.002902
truck,123.561,399.077,282.372,506.121,0.002898
truck,142.642,357.911,184.865,401.17,0.002876
potted plant,442.083,381.296,461.488,398.228,0.002814
car,108.435,421.544,189.182,595.773,0.002796
person,91.727,360.901,124.008,383.158,0.002777
person,335.472,387.013,350.095,398.492,0.002775
car,52.703,356.537,96.119,390.929,0.002755
car,154.263,388.191,242.673,459.578,0.002699
truck,53.016,354.918,96.311,393.035,0.002692
car,108.155,363.515,246.376,481.263,0.002688
car,76.271,384.388,189.661,498.667,0.002653
truck,94.588,367.198,176.642,448.952,0.002606
potted plant,402.083,383.062,411.991,400.879,0.002516
bus,0.283,558.092,90.111,640.0,0.002497
potted plant,131.62,522.86,177.255,616.085,0.002445
car,45.504,352.468,111.863,432.305,0.002419
stop sign,358.514,354.338,371.405,373.286,0.002363
truck,76.585,355.149,160.438,394.51,0.00236
person,87.442,371.572,153.491,446.142,0.002356
fire hydrant,434.115,382.113,452.955,403.827,0.002328
car,143.462,360.909,184.021,399.743,0.002306
fire hydrant,304.486,413.935,317.541,433.294,0.002304
traffic light,120.789,224.788,150.012,304.732,0.002298
bench,433.859,381.841,453.354,404.251,0.002289
bench,388.552,397.894,426.507,430.546,0.002259
bus,142.374,377.702,183.771,413.29,0.002258
bench,442.083,381.296,461.488,398.228,0.002248
car,126.883,374.517,142.927,404.585,0.002233
truck,132.57,369.319,227.217,418.507,0.002211
car,87.442,371.572,153.491,446.142,0.002205
car,96.438,359.423,143.395,387.32,0.002145
potted plant,133.157,449.582,196.221,593.861,0.002127
bus,142.642,357.911,184.865,401.17,0.002112
parking meter,128.809,364.102,142.457,392.511,0.002111
car,165.013,386.358,235.082,433.108,0.002089
car,335.472,387.013,350.095,398.492,0.002072
bowl,0.283,558.092,90.111,640.0,0.002011
person,52.984,357.217,84.474,375.298,0.00201
person,384.048,379.281,398.172,403.158,0.001977
person,206.717,281.881,322.035,611.258,0.001969
person,433.859,381.841,453.354,404.251,0.001908
bench,380.034,395.032,399.602,411.227,0.0019
traffic light,95.021,354.582,123.574,373.816,0.001888
truck,0.283,558.092,90.111,640.0,0.001884
truck,131.542,400.564,233.289,510.878,0.001875
traffic light,358.992,354.125,371.094,373.12,0.001849
car,130.05,367.708,177.001,396.702,0.001836
potted plant,403.14,391.929,421.338,419.02,0.001826
chair,431.528,393.017,454.354,419.074,0.001825
book,0.0,555.267,91.919,640.0,0.001819
dining table,0.0,520.568,164.441,640.0,0.001818
bus,133.412,375.987,176.761,404.286,0.001817
potted plant,335.472,387.013,350.095,398.492,0.001775
potted plant,159.596,334.968,178.072,356.991,0.00174
bus,113.896,366.247,180.175,411.983,0.00173
person,66.276,363.957,136.462,449.471,0.00173
person,140.429,380.983,188.506,434.301,0.00172
person,416.884,384.453,428.974,400.311,0.001717
car,91.727,360.901,124.008,383.158,0.001703
motorcycle,111.261,39.738,288.085,205.723,0.001702
person,443.59,365.374,463.274,387.894,0.001698
person,112.419,42.955,259.466,200.545,0.001698
car,133.157,449.582,196.221,593.861,0.001662
bench,402.166,434.486,446.098,446.704,0.00166
car,148.693,404.253,180.117,439.891,0.001652
truck,118.651,368.702,152.834,414.724,0.001641
potted plant,148.198,344.098,181.407,369.963,0.001595
truck,50.946,322.301,126.886,394.117,0.001594
car,48.841,362.403,103.699,449.967,0.001587
person,128.506,379.313,180.717,439.852,0.001565
bench,319.609,467.049,424.047,539.415,0.00155
traffic light,134.255,211.405,207.415,363.426,0.001542
truck,63.322,329.989,212.558,448.537,0.001541
person,94.706,358.685,152.628,425.223,0.001534
potted plant,304.486,413.935,317.541,433.294,0.001511
truck,108.155,363.515,246.376,481.263,0.001506
car,136.622,400.288,201.054,482.034,0.001495
potted plant,388.552,397.894,426.507,430.546,0.001486
bench,339.115,437.742,455.491,585.567,0.001486
bicycle,431.528,393.017,454.354,419.074,0.001477
car,128.809,364.102,142.457,392.511,0.001473
car,145.192,409.639,221.699,500.238,0.001465
truck,95.021,354.582,123.574,373.816,0.001458
car,50.317,399.186,134.27,537.184,0.001454
car,102.111,388.798,172.291,453.762,0.001451
person,387.038,366.23,397.643,390.302,0.001447
potted plant,134.07,503.649,193.872,592.658,0.001443
bus,102.702,359.779,190.059,418.999,0.001418
person,352.454,367.414,368.792,387.961,0.0014
chair,127.655,483.914,181.687,589.182,0.001383
parking meter,126.883,374.517,142.927,404.585,0.001372
parking meter,56.595,376.553,184.258,469.868,0.001342
truck,147.018,392.269,251.219,436.411,0.0013
person,304.486,413.935,317.541,433.294,0.001293
person,96.438,359.423,143.395,387.32,0.001291
bench,364.942,396.133,390.934,412.951,0.001286
car,190.422,363.307,228.766,398.588,0.001278
traffic light,465.405,367.197,477.558,387.789,0.001276
stop sign,419.284,349.907,435.031,372.868,0.001267
person,152.885,388.332,178.514,426.218,0.001265
bicycle,403.14,391.929,421.338,419.02,0.001262
traffic light,57.536,280.646,71.167,307.044,0.001258
car,134.413,411.087,202.194,565.018,0.001254
car,139.85,385.307,272.09,626.597,0.001246
potted plant,153.326,346.174,179.366,366.25,0.001246
clock,197.077,53.046,262.85,187.958,0.001229
person,109.935,359.757,130.817,381.683,0.001203
car,146.48,422.908,221.153,580.995,0.001189
truck,45.504,352.468,111.863,432.305,0.001186
person,397.697,367.612,408.512,390.477,0.001173
stop sign,420.834,335.266,434.833,354.274,0.001167
bicycle,306.72,391.691,319.775,425.604,0.001165
person,53.053,357.528,86.697,388.441,0.001162
suitcase,0.0,555.267,91.919,640.0,0.001162
bus,42.873,350.927,165.666,431.845,0.00116
car,0.0,340.254,126.623,612.237,0.001157
potted plant,116.123,503.783,182.244,618.813,0.001156
motorcycle,465.319,367.465,477.23,387.886,0.001156
giraffe,170.53,131.225,306.802,513.831,0.001152
potted plant,148.179,333.449,189.334,378.805,0.001146
traffic light,140.608,378.2,163.514,399.893,0.001138
car,302.13,410.181,319.579,434.654,0.00113
car,132.082,482.878,177.343,560.965,0.001114
truck,141.238,285.491,332.193,608.363,0.001112
potted plant,385.222,382.686,396.653,401.019,0.001109
person,307.456,387.165,320.539,400.601,0.001106
truck,110.575,379.719,282.562,458.212,0.001102
bench,306.72,391.691,319.775,425.604,0.00109
person,223.721,380.625,231.491,397.521,0.00109
fire hydrant,444.866,390.416,460.868,423.018,0.001087
person,442.083,381.296,461.488,398.228,0.001083
car,148.492,365.278,179.29,393.119,0.001081
car,94.706,358.685,152.628,425.223,0.001073
person,436.027,367.979,449.154,389.348,0.001064
traffic light,134.472,376.165,175.758,403.74,0.001062
potted plant,444.306,389.698,461.512,423.42,0.001061
bottle,61.147,250.841,71.341,280.477,0.001053
traffic light,420.814,335.664,434.559,353.507,0.001049
truck,58.477,322.339,156.529,399.632,0.001044
train,0.283,558.092,90.111,640.0,0.001017
bench,302.13,410.181,319.579,434.654,0.001012
potted plant,0.0,555.869,92.087,640.0,0.00101
car,0.0,359.024,116.765,539.672,0.001006
