pizza,95.425,264.671,317.827,367.568,0.729422
person,408.424,2.676,474.844,203.74,0.07015
pizza,95.128,290.089,321.04,391.57,0.036271
pizza,92.613,262.647,322.888,417.833,0.031096
bed,57.21,76.379,357.456,243.941,0.030012
book,0.0,278.989,42.104,315.562,0.027825
potted plant,0.0,274.4,46.533,314.649,0.026137
chair,0.0,174.468,46.375,213.103,0.024518
oven,94.404,264.615,318.446,368.163,0.021009
dining table,92.6,218.351,328.12,543.974,0.020691
remote,410.968,464.8,447.601,483.412,0.020149
bowl,0.0,174.468,46.375,213.103,0.01813
bowl,52.007,145.456,370.588,311.293,0.016397
oven,94.1,220.172,326.618,537.915,0.016149
chair,206.976,0.0,468.56,347.247,0.015815
person,56.334,101.41,418.022,406.495,0.015109
dining table,19.628,150.146,439.16,544.576,0.013615
oven,136.833,135.635,465.953,507.774,0.013541
chair,239.669,8.726,443.217,176.642,0.013284
chair,232.632,14.157,451.417,242.274,0.012768
bowl,410.968,464.8,447.601,483.412,0.012671
bowl,43.029,68.589,375.937,310.115,0.011933
bed,0.0,48.146,376.755,274.107,0.011617
bowl,403.252,460.173,452.748,489.28,0.01141
chair,0.0,165.446,48.956,204.116,0.011211
refrigerator,0.0,241.568,101.817,591.483,0.011071
dining table,88.35,236.486,327.365,450.449,0.011046
mouse,403.252,460.173,452.748,489.28,0.010821
oven,0.0,57.016,365.247,453.649,0.010249
book,62.37,85.591,353.722,234.334,0.010074
bowl,72.089,172.983,352.733,283.362,0.010001
oven,19.628,150.146,439.16,544.576,0.009529
dining table,94.404,264.615,318.446,368.163,0.009302
tv,408.633,5.095,473.981,196.503,0.009027
chair,0.0,110.383,101.435,465.186,0.008895
remote,403.252,460.173,452.748,489.28,0.008874
bottle,377.432,216.102,477.098,494.657,0.008792
bed,11.419,69.809,347.957,186.0,0.008764
vase,376.975,210.444,476.444,499.186,0.008297
person,45.509,123.708,376.499,325.818,0.00827
bottle,408.502,5.476,474.082,196.712,0.008049
oven,0.0,196.589,97.804,573.632,0.007284
cat,403.252,460.173,452.748,489.28,0.007275
couch,232.632,14.157,451.417,242.274,0.006855
person,88.556,118.474,447.073,520.896,0.00685
cake,94.404,264.615,318.446,368.163,0.006673
chair,249.661,0.818,429.862,136.235,0.006576
oven,92.613,262.647,322.888,417.833,0.006297
mouse,410.968,464.8,447.601,483.412,0.006258
cup,403.252,460.173,452.748,489.28,0.006133
dining table,37.797,172.19,428.502,416.105,0.005999
person,399.796,8.449,451.282,199.782,0.005836
chair,26.12,107.079,114.394,199.541,0.005754
pizza,69.793,248.004,389.973,384.19,0.005714
dining table,0.0,137.824,98.111,501.49,0.005618
person,0.0,278.989,42.104,315.562,0.00552
dining table,39.505,261.866,428.328,626.839,0.005499
pizza,86.048,245.993,289.215,347.38,0.005398
book,0.0,179.022,47.697,217.5,0.00539
couch,239.669,8.726,443.217,176.642,0.005363
chair,197.631,194.998,477.444,565.286,0.005133
chair,0.0,196.589,97.804,573.632,0.005017
person,83.475,199.096,334.796,316.633,0.004952
book,0.0,55.817,365.112,260.897,0.004855
bed,67.338,25.044,395.727,234.89,0.004836
dining table,119.273,185.592,480.0,577.326,0.004693
chair,0.0,134.51,36.815,199.499,0.004656
suitcase,43.029,68.589,375.937,310.115,0.004644
chair,298.36,3.408,431.917,67.331,0.004535
dining table,83.402,97.359,454.884,484.442,0.004523
chair,106.024,204.146,480.0,620.789,0.004521
sink,62.37,85.591,353.722,234.334,0.004518
chair,300.234,17.15,430.938,105.854,0.004517
bottle,345.172,194.505,462.389,513.174,0.004485
person,242.308,0.0,367.107,141.026,0.004457
chair,0.0,274.4,46.533,314.649,0.004415
bottle,0.0,275.109,46.647,314.123,0.004415
dining table,95.128,290.089,321.04,391.57,0.004408
person,0.0,281.079,18.874,308.235,0.004374
potted plant,6.485,278.681,38.358,310.068,0.004362
person,90.452,240.419,320.043,358.093,0.004358
tv,0.0,241.568,101.817,591.483,0.004341
toilet,403.252,460.173,452.748,489.28,0.004278
person,0.0,57.016,365.247,453.649,0.004237
bowl,94.404,264.615,318.446,368.163,0.004055
oven,0.0,110.383,101.435,465.186,0.003962
pizza,53.241,196.342,415.34,395.659,0.003905
person,3.494,76.286,100.163,439.637,0.003878
oven,45.509,123.708,376.499,325.818,0.003823
oven,56.334,101.41,418.022,406.495,0.003797
refrigerator,373.611,208.791,477.539,501.431,0.003784
knife,61.147,119.463,411.469,387.917,0.003762
book,60.195,76.688,353.227,188.357,0.003751
couch,206.976,0.0,468.56,347.247,0.003743
person,53.241,196.342,415.34,395.659,0.003725
bowl,0.0,166.062,49.15,203.446,0.003689
bowl,93.532,251.681,326.811,578.359,0.003578
knife,107.396,207.843,368.157,301.284,0.003543
sink,60.195,76.688,353.227,188.357,0.003529
person,62.614,161.141,354.334,352.221,0.003521
tv,376.975,210.444,476.444,499.186,0.003445
dining table,69.793,248.004,389.973,384.19,0.003438
tv,0.0,278.989,42.104,315.562,0.003424
chair,275.251,185.02,464.269,520.533,0.003409
bowl,0.0,275.109,46.647,314.123,0.003382
book,6.485,278.681,38.358,310.068,0.003371
tv,0.0,110.383,101.435,465.186,0.003274
person,119.273,185.592,480.0,577.326,0.003269
oven,49.976,231.098,408.963,405.567,0.00325
oven,47.501,260.68,419.042,627.152,0.003204
oven,45.843,207.228,321.097,297.659,0.003202
vase,408.502,5.476,474.082,196.712,0.003181
person,287.616,0.0,329.032,48.43,0.003132
person,428.383,5.139,475.567,193.499,0.003102
bottle,0.0,281.079,18.874,308.235,0.003061
pizza,90.551,126.597,446.19,509.988,0.003057
dining table,0.0,57.016,365.247,453.649,0.003048
bed,129.478,0.0,475.478,364.703,0.003045
sandwich,94.404,264.615,318.446,368.163,0.003024
bed,93.661,65.595,370.131,197.706,0.002952
person,410.984,46.405,466.494,201.705,0.002942
refrigerator,0.0,137.824,98.111,501.49,0.00294
chair,0.0,567.053,120.668,637.059,0.002874
pizza,54.79,229.724,318.892,361.804,0.002862
cell phone,403.252,460.173,452.748,489.28,0.002847
cup,52.007,145.456,370.588,311.293,0.002831
chair,0.0,81.028,95.906,307.184,0.002795
pizza,94.535,253.468,326.364,504.952,0.002737
vase,345.172,194.505,462.389,513.174,0.002729
oven,95.128,290.089,321.04,391.57,0.002687
toothbrush,408.502,5.476,474.082,196.712,0.002653
dining table,52.079,65.039,362.268,257.313,0.002637
chair,21.204,93.172,123.403,222.141,0.002615
bottle,6.485,278.681,38.358,310.068,0.002596
chair,179.099,278.52,480.0,607.344,0.002574
dining table,68.772,96.305,398.819,355.083,0.002561
person,214.678,0.0,340.057,138.227,0.002549
book,0.0,280.424,19.467,308.185,0.002546
car,0.0,174.468,46.375,213.103,0.002531
potted plant,0.0,279.394,20.251,308.831,0.002505
car,0.0,281.079,18.874,308.235,0.002451
bowl,73.435,188.73,289.453,270.205,0.002417
oven,11.834,102.265,134.636,474.485,0.002407
book,0.0,283.172,50.843,331.499,0.002402
suitcase,57.21,76.379,357.456,243.941,0.002397
knife,90.355,160.353,377.458,287.647,0.002373
bowl,89.263,219.564,329.953,296.046,0.002344
person,6.485,278.681,38.358,310.068,0.002341
chair,330.461,16.339,471.428,373.886,0.002334
chair,2.812,126.291,90.41,260.981,0.002315
bird,26.12,107.079,114.394,199.541,0.002303
refrigerator,345.172,194.505,462.389,513.174,0.002295
cell phone,410.968,464.8,447.601,483.412,0.002289
oven,93.346,331.581,321.374,621.554,0.002283
bowl,62.37,85.591,353.722,234.334,0.002282
oven,7.563,159.906,357.289,348.617,0.002261
oven,115.124,62.921,480.0,451.178,0.002223
spoon,72.089,172.983,352.733,283.362,0.0022
cup,410.416,463.997,447.599,484.394,0.002199
person,16.849,104.755,120.105,472.412,0.002144
person,109.203,0.0,480.0,401.993,0.002141
person,72.089,172.983,352.733,283.362,0.002136
oven,4.91,97.713,215.082,480.913,0.002131
person,376.975,210.444,476.444,499.186,0.002117
person,89.263,219.564,329.953,296.046,0.002104
person,4.202,70.52,148.181,441.825,0.002093
cup,72.089,172.983,352.733,283.362,0.002086
dining table,0.0,274.4,46.533,314.649,0.002082
dining table,105.386,9.956,480.0,438.773,0.002079
bowl,0.0,41.078,341.362,404.231,0.002077
chair,43.029,68.589,375.937,310.115,0.002074
chair,376.975,210.444,476.444,499.186,0.002038
person,210.867,0.0,465.705,346.869,0.002035
chair,94.1,220.172,326.618,537.915,0.002032
chair,0.0,122.953,45.199,206.661,0.002023
spoon,403.252,460.173,452.748,489.28,0.002021
spoon,89.263,219.564,329.953,296.046,0.002006
chair,280.375,36.093,449.356,280.255,0.002
chair,241.433,0.0,367.801,142.309,0.001992
chair,236.927,238.948,439.255,524.901,0.001977
bowl,83.475,199.096,334.796,316.633,0.001966
fork,89.263,219.564,329.953,296.046,0.001941
remote,414.372,34.049,436.338,73.991,0.001918
dining table,206.976,0.0,468.56,347.247,0.001901
dining table,91.745,335.825,322.126,617.195,0.0019
remote,0.0,278.989,42.104,315.562,0.001869
handbag,403.252,460.173,452.748,489.28,0.001853
toothbrush,414.372,34.049,436.338,73.991,0.001833
person,416.369,9.67,437.167,75.657,0.001823
person,179.099,278.52,480.0,607.344,0.001821
couch,0.0,110.383,101.435,465.186,0.001817
dining table,198.867,166.903,471.571,537.151,0.001816
bowl,84.666,222.603,283.549,283.915,0.001814
chair,408.502,5.476,474.082,196.712,0.001796
oven,0.0,194.447,325.675,441.432,0.001793
bed,86.399,0.0,444.8,318.377,0.001785
person,72.43,41.027,387.962,342.047,0.001784
chair,346.697,23.242,450.603,230.957,0.001771
vase,0.0,275.109,46.647,314.123,0.001766
cake,46.431,72.392,372.517,307.417,0.001765
microwave,91.691,282.272,325.195,604.055,0.001759
handbag,0.0,274.4,46.533,314.649,0.00172
cat,21.185,81.997,119.05,194.457,0.001718
person,249.661,0.818,429.862,136.235,0.001716
cat,199.414,325.557,473.203,623.338,0.001715
bench,52.079,65.039,362.268,257.313,0.001701
book,0.0,166.062,49.15,203.446,0.001694
pizza,93.639,312.071,275.446,375.119,0.001688
dining table,0.0,53.297,375.018,325.175,0.001668
teddy bear,0.0,275.109,46.647,314.123,0.00166
chair,345.172,194.505,462.389,513.174,0.001643
chair,16.31,42.453,139.028,348.156,0.001642
couch,11.419,69.809,347.957,186.0,0.001635
fork,72.089,172.983,352.733,283.362,0.001632
couch,0.0,48.146,376.755,274.107,0.00163
sink,0.0,55.817,365.112,260.897,0.00162
tv,345.172,194.505,462.389,513.174,0.001597
tv,299.371,3.374,430.214,66.682,0.001583
spoon,52.007,145.456,370.588,311.293,0.001574
bed,44.455,38.558,366.679,168.922,0.001573
dining table,0.0,194.447,325.675,441.432,0.001573
person,21.185,81.997,119.05,194.457,0.001564
couch,249.661,0.818,429.862,136.235,0.00156
dining table,52.007,145.456,370.588,311.293,0.001556
bed,6.366,58.488,346.32,148.529,0.001556
dining table,0.0,171.643,336.796,525.826,0.001547
book,0.0,110.383,101.435,465.186,0.001543
bottle,0.0,166.062,49.15,203.446,0.001542
chair,0.0,26.1,352.52,416.086,0.001507
person,189.033,8.622,477.407,438.801,0.001496
oven,54.79,229.724,318.892,361.804,0.001486
sink,0.0,174.468,46.375,213.103,0.001486
oven,20.215,168.949,121.988,536.258,0.001451
potted plant,0.0,282.601,50.772,332.05,0.00145
dining table,276.902,186.124,461.849,518.908,0.001449
dining table,0.0,280.822,52.317,333.546,0.001447
pizza,140.574,251.913,327.396,336.001,0.001445
vase,403.252,460.173,452.748,489.28,0.001445
cake,0.0,278.989,42.104,315.562,0.001441
person,279.996,0.0,335.117,56.313,0.00144
person,272.035,210.248,466.958,545.186,0.001404
refrigerator,91.691,282.272,325.195,604.055,0.001399
person,345.172,194.505,462.389,513.174,0.001396
dining table,35.659,306.801,329.54,583.43,0.00139
pizza,0.0,230.378,314.963,405.561,0.001389
refrigerator,206.976,0.0,468.56,347.247,0.001388
bottle,385.892,218.718,460.982,372.328,0.001383
person,285.97,0.292,311.438,49.353,0.001375
chair,0.149,187.536,47.638,235.245,0.001365
chair,5.789,72.953,139.302,439.376,0.001347
person,260.446,12.857,464.228,244.504,0.001344
fork,52.007,145.456,370.588,311.293,0.00133
cake,62.37,85.591,353.722,234.334,0.001313
bed,137.037,9.793,469.982,250.703,0.001307
oven,84.666,222.603,283.549,283.915,0.001307
bottle,403.252,460.173,452.748,489.28,0.001302
bottle,378.262,180.346,470.465,403.804,0.001293
book,308.532,0.471,411.943,49.594,0.001293
person,198.867,166.903,471.571,537.151,0.001291
cup,0.0,275.109,46.647,314.123,0.001281
chair,403.252,460.173,452.748,489.28,0.001279
book,2.485,185.078,38.059,212.927,0.001278
chair,137.037,9.793,469.982,250.703,0.001274
chair,57.21,76.379,357.456,243.941,0.001266
person,409.881,18.751,453.699,105.138,0.001262
donut,94.404,264.615,318.446,368.163,0.001247
potted plant,408.633,5.095,473.981,196.503,0.001244
tv,239.971,12.461,443.618,172.47,0.001238
person,7.037,72.789,219.662,437.65,0.001238
bus,0.386,243.028,103.577,589.054,0.001234
toothbrush,417.527,9.054,437.31,75.761,0.001233
oven,0.0,53.297,375.018,325.175,0.001223
person,245.603,0.0,302.763,61.666,0.001211
person,290.941,1.957,308.857,47.007,0.00121
bowl,0.0,175.581,25.296,198.291,0.001202
dining table,0.0,264.453,56.553,359.214,0.001186
toilet,57.21,76.379,357.456,243.941,0.001181
apple,0.0,275.109,46.647,314.123,0.001168
dining table,189.962,55.306,474.776,457.603,0.00115
fork,67.178,98.326,399.185,352.342,0.001143
bed,235.185,13.289,448.296,242.279,0.001142
tv,339.817,17.821,459.811,182.2,0.001132
dog,403.252,460.173,452.748,489.28,0.001129
person,40.152,200.858,422.972,558.777,0.001127
person,0.0,196.589,97.804,573.632,0.001126
bottle,0.0,110.383,101.435,465.186,0.001126
dining table,54.79,229.724,318.892,361.804,0.001125
scissors,403.252,460.173,452.748,489.28,0.001124
oven,169.526,181.11,434.225,463.977,0.001116
pizza,89.263,219.564,329.953,296.046,0.001116
cup,377.432,216.102,477.098,494.657,0.001114
dining table,0.0,174.468,46.375,213.103,0.001113
refrigerator,51.547,309.7,419.341,638.926,0.001113
chair,320.341,7.416,473.737,247.94,0.001108
chair,47.501,260.68,419.042,627.152,0.001106
chair,22.032,86.58,132.912,303.092,0.001103
book,5.295,273.419,47.164,296.116,0.001102
spoon,410.968,464.8,447.601,483.412,0.001101
book,299.371,3.374,430.214,66.682,0.001081
suitcase,272.035,210.248,466.958,545.186,0.001073
