bird,32.747,17.739,134.813,174.07,0.241296
bird,263.592,126.884,389.265,307.009,0.228065
bird,118.3,104.008,225.391,278.067,0.123757
bird,107.741,214.705,240.438,479.449,0.121156
bird,101.134,101.847,246.997,339.823,0.089538
bird,119.193,312.536,227.279,479.855,0.083135
bird,263.423,117.979,397.249,380.497,0.061664
bird,70.237,91.938,230.02,288.732,0.061549
bird,236.165,260.41,366.633,484.638,0.056164
bird,238.522,266.525,357.135,413.187,0.044321
bird,403.585,155.114,559.597,404.9,0.041192
bird,65.519,202.232,357.467,487.388,0.038094
bird,218.775,232.206,377.122,447.649,0.034629
bird,464.865,87.429,512.839,190.65,0.033093
bird,262.388,130.944,363.76,272.017,0.031064
bird,391.037,186.854,570.133,488.408,0.028803
bird,152.84,214.418,389.662,459.95,0.026357
bird,180.097,245.831,477.675,497.817,0.023192
bird,196.282,251.764,347.429,422.59,0.020601
bird,71.408,119.291,412.895,500.0,0.018384
bird,76.894,336.091,159.408,469.412,0.016995
bird,337.765,191.362,391.332,305.239,0.015358
person,392.542,188.181,568.751,487.481,0.015213
bird,113.88,230.829,236.607,389.226,0.014072
bird,91.468,106.561,262.812,461.868,0.013636
bird,21.741,16.809,209.823,187.287,0.013262
bird,228.831,253.662,428.227,491.568,0.012874
kite,464.865,87.429,512.839,190.65,0.01205
bird,346.542,187.482,388.667,268.325,0.011834
bird,164.819,146.251,436.775,486.952,0.011697
bird,128.51,107.555,219.804,232.292,0.011646
person,257.246,116.923,405.409,437.453,0.011516
bird,331.201,97.948,577.801,463.565,0.010813
person,62.402,86.445,356.383,479.981,0.010149
knife,337.765,191.362,391.332,305.239,0.009963
dog,392.542,188.181,568.751,487.481,0.009751
bird,83.057,317.753,201.904,498.223,0.009295
person,31.658,17.459,136.665,174.95,0.009276
bird,218.279,379.387,337.173,492.82,0.008281
teddy bear,31.658,17.459,136.665,174.95,0.008127
bird,78.194,357.439,120.307,429.716,0.008083
bird,27.496,0.0,220.398,320.23,0.007795
bird,112.243,281.947,230.95,448.39,0.007786
person,264.701,128.313,387.177,306.411,0.007765
bird,239.555,329.388,361.294,466.844,0.007327
bird,169.556,97.596,493.91,500.0,0.007154
person,446.801,204.618,563.703,474.69,0.006451
person,86.064,101.586,268.548,465.933,0.006295
person,168.136,95.972,440.593,459.184,0.006237
bird,243.148,285.702,343.281,438.584,0.006174
bird,280.488,160.331,396.718,321.577,0.005943
bird,85.723,80.441,327.209,362.855,0.005807
bird,52.582,36.303,137.569,202.81,0.005602
bird,444.547,194.659,564.935,482.127,0.005592
apple,122.105,105.708,225.503,257.68,0.005519
baseball glove,32.826,18.337,134.409,172.383,0.005505
bird,79.223,351.677,142.908,438.791,0.005419
dog,31.658,17.459,136.665,174.95,0.005415
bird,491.036,90.244,512.81,121.957,0.005143
horse,391.037,186.854,570.133,488.408,0.005099
bird,268.992,257.841,386.319,418.008,0.004988
bird,78.81,98.102,218.685,235.506,0.004868
knife,265.417,132.707,395.194,363.873,0.004808
bird,72.994,345.662,180.871,497.443,0.004764
bird,456.142,322.5,558.044,478.505,0.004754
knife,335.607,181.52,376.474,302.63,0.004613
bird,22.95,77.152,292.685,482.825,0.004536
knife,280.488,160.331,396.718,321.577,0.004268
chair,337.765,191.362,391.332,305.239,0.004214
horse,73.035,194.628,409.403,486.028,0.004173
teddy bear,86.064,101.586,268.548,465.933,0.004065
snowboard,265.417,132.707,395.194,363.873,0.003893
bird,145.606,325.533,223.643,487.056,0.003814
bird,127.21,78.103,417.188,427.431,0.00381
bird,495.418,87.794,513.304,106.385,0.003641
spoon,337.765,191.362,391.332,305.239,0.003608
tie,102.781,122.251,249.902,374.125,0.003581
person,77.367,350.902,159.955,497.247,0.003573
clock,169.556,97.596,493.91,500.0,0.00348
bird,233.529,354.019,315.552,449.999,0.003307
bird,243.311,258.522,344.279,378.531,0.003305
baseball bat,465.901,85.31,512.131,192.732,0.003279
snowboard,258.332,113.656,403.242,440.689,0.003191
horse,115.736,308.314,228.652,483.344,0.003114
knife,258.332,113.656,403.242,440.689,0.003037
dog,456.142,322.5,558.044,478.505,0.003035
knife,349.71,192.465,390.528,268.168,0.002983
skis,78.272,350.844,149.985,491.661,0.002959
bird,335.607,181.52,376.474,302.63,0.0029
bird,138.434,97.412,411.026,338.135,0.002833
bird,235.241,371.684,347.341,473.222,0.002742
knife,322.19,178.157,397.272,384.227,0.002728
bird,409.905,309.062,559.414,488.971,0.002708
scissors,258.332,113.656,403.242,440.689,0.002654
spoon,265.417,132.707,395.194,363.873,0.002621
person,193.978,114.034,522.364,500.0,0.002605
bird,445.137,221.188,561.359,402.538,0.00258
bird,127.975,210.464,356.298,411.477,0.002574
bird,469.677,89.794,513.746,161.248,0.002555
bird,264.331,378.354,321.533,436.765,0.002445
bird,95.772,213.817,220.073,407.445,0.002421
cell phone,366.768,193.558,390.629,231.263,0.002308
dog,109.43,248.277,236.21,486.061,0.002293
airplane,465.901,85.31,512.131,192.732,0.002279
knife,345.144,189.458,383.949,324.222,0.002231
knife,306.199,145.887,413.598,417.956,0.002182
person,100.261,100.115,248.736,342.082,0.002156
bird,275.822,383.11,310.701,431.301,0.002142
bird,125.831,305.776,282.629,486.272,0.002123
snowboard,337.765,191.362,391.332,305.239,0.002073
bird,367.617,197.21,387.719,249.271,0.002053
giraffe,391.037,186.854,570.133,488.408,0.001988
cow,392.542,188.181,568.751,487.481,0.001987
scissors,337.765,191.362,391.332,305.239,0.001957
dog,401.721,162.91,561.627,396.613,0.001951
toothbrush,465.901,85.31,512.131,192.732,0.001948
bird,342.092,177.785,565.038,383.635,0.001927
spoon,258.332,113.656,403.242,440.689,0.001922
bird,79.344,42.518,400.775,344.577,0.001912
bird,425.354,193.94,550.948,352.452,0.001894
bird,132.171,343.343,212.836,495.071,0.001887
cat,30.062,17.528,137.141,170.132,0.001883
tennis racket,31.658,17.459,136.665,174.95,0.001876
horse,107.439,247.972,237.914,487.41,0.00187
bird,260.785,357.182,323.444,433.56,0.001857
person,250.826,171.773,589.048,500.0,0.001855
apple,242.764,272.695,342.449,421.456,0.001851
bird,282.478,228.854,376.834,397.979,0.0018
skis,78.194,357.439,120.307,429.716,0.001795
person,22.28,18.706,207.356,187.063,0.001786
bird,252.846,172.184,589.181,500.0,0.001783
bird,358.683,50.305,600.0,395.18,0.001783
cow,106.593,132.059,431.803,495.005,0.001778
kite,31.658,17.459,136.665,174.95,0.001769
skis,465.901,85.31,512.131,192.732,0.001758
backpack,446.801,204.618,563.703,474.69,0.001745
bird,322.19,178.157,397.272,384.227,0.001743
cell phone,372.612,193.42,389.469,207.607,0.001713
cow,115.736,308.314,228.652,483.344,0.00167
person,336.291,185.711,392.742,313.189,0.001646
bird,323.002,232.459,571.113,495.393,0.001636
bird,336.052,193.175,377.251,267.259,0.001628
clock,257.246,116.923,405.409,437.453,0.001625
bird,265.888,339.527,348.283,450.784,0.001601
bird,233.115,297.755,325.74,426.218,0.001589
bird,135.194,229.408,238.705,349.076,0.001588
vase,257.246,116.923,405.409,437.453,0.001585
dog,117.59,308.74,228.288,484.586,0.001578
horse,152.84,214.418,389.662,459.95,0.001573
giraffe,218.279,379.387,337.173,492.82,0.001567
person,385.549,107.654,577.539,408.997,0.001565
horse,75.749,350.627,169.662,497.299,0.001539
person,465.405,87.094,513.105,190.965,0.001539
kite,469.677,89.794,513.746,161.248,0.001519
umbrella,465.901,85.31,512.131,192.732,0.001517
bird,279.561,257.335,364.523,379.361,0.001503
bird,64.041,245.357,189.781,495.219,0.001487
bird,306.199,145.887,413.598,417.956,0.00147
bird,271.231,326.616,373.55,460.698,0.001469
sports ball,32.826,18.337,134.409,172.383,0.001455
chair,263.214,116.264,396.355,381.686,0.001443
knife,342.265,205.003,370.071,278.113,0.001432
cow,63.859,201.058,358.672,488.656,0.001424
bird,28.812,12.0,264.911,259.486,0.001416
bird,121.532,109.594,282.664,274.918,0.001398
skis,322.19,178.157,397.272,384.227,0.001395
dog,450.662,242.722,561.54,486.822,0.001382
bird,421.269,81.706,582.066,429.334,0.001382
traffic light,31.658,17.459,136.665,174.95,0.001374
skis,306.199,145.887,413.598,417.956,0.001373
person,331.201,97.948,577.801,463.565,0.00137
sports ball,495.341,87.812,512.949,107.221,0.001357
teddy bear,108.095,214.353,240.611,479.657,0.001354
person,306.199,145.887,413.598,417.956,0.001344
bird,81.383,135.616,229.368,365.026,0.001335
scissors,95.31,98.913,258.34,397.886,0.001334
cat,262.406,127.222,375.46,274.874,0.001327
bird,233.25,376.232,328.367,443.638,0.001326
bird,482.06,89.909,513.252,152.813,0.001315
skis,72.994,345.662,180.871,497.443,0.001314
teddy bear,22.95,77.152,292.685,482.825,0.001312
person,94.622,123.197,325.891,378.983,0.001304
bird,228.995,149.549,377.52,405.187,0.001298
bird,100.272,286.095,188.688,471.762,0.001291
skateboard,337.765,191.362,391.332,305.239,0.001282
bird,103.691,211.196,207.582,350.679,0.001275
skis,258.332,113.656,403.242,440.689,0.001274
backpack,31.658,17.459,136.665,174.95,0.001272
scissors,265.417,132.707,395.194,363.873,0.00126
skateboard,322.19,178.157,397.272,384.227,0.001257
chair,350.129,193.603,390.389,265.633,0.00125
skis,218.279,379.387,337.173,492.82,0.001244
skis,337.765,191.362,391.332,305.239,0.001242
frisbee,495.341,87.812,512.949,107.221,0.001213
elephant,30.062,17.528,137.141,170.132,0.001209
bird,54.884,83.162,112.636,156.953,0.001205
tie,86.064,101.586,268.548,465.933,0.001185
bird,157.833,123.968,386.405,381.477,0.001162
kite,218.279,379.387,337.173,492.82,0.001161
dog,264.701,128.313,387.177,306.411,0.001158
person,401.721,162.91,561.627,396.613,0.00115
bird,98.821,174.551,320.021,392.888,0.001145
surfboard,337.765,191.362,391.332,305.239,0.001137
skateboard,258.332,113.656,403.242,440.689,0.001131
sports ball,521.965,346.915,554.191,374.071,0.00112
bird,13.393,185.493,233.855,492.667,0.001117
skateboard,306.199,145.887,413.598,417.956,0.001113
bear,30.062,17.528,137.141,170.132,0.001082
cat,114.455,285.719,227.99,471.63,0.001064
skis,265.417,132.707,395.194,363.873,0.001063
bird,278.27,145.602,427.35,355.512,0.00106
kite,391.037,186.854,570.133,488.408,0.001054
bird,270.746,367.318,311.927,422.572,0.001053
backpack,264.701,128.313,387.177,306.411,0.001051
teddy bear,401.721,162.91,561.627,396.613,0.001049
kite,495.07,87.949,513.08,108.752,0.001048
bird,34.771,11.743,146.442,303.005,0.001046
bird,256.665,307.194,327.802,387.736,0.001035
clock,108.095,214.353,240.611,479.657,0.001033
clock,209.59,242.389,508.471,493.838,0.001029
vase,193.978,114.034,522.364,500.0,0.001019
chair,264.701,128.313,387.177,306.411,0.00101
banana,31.658,17.459,136.665,174.95,0.001009
traffic light,58.876,110.046,254.519,450.222,0.001004
