kite,61.263,339.009,104.289,353.565,0.785489
kite,439.951,193.602,453.28,208.026,0.761384
kite,435.448,82.259,446.667,94.848,0.708329
person,247.373,317.808,256.012,340.015,0.522003
kite,383.851,275.285,423.72,291.113,0.518346
kite,535.535,316.542,569.542,343.74,0.504277
kite,289.152,208.078,313.334,216.563,0.499584
person,586.412,321.892,592.648,331.763,0.359567
person,232.266,315.043,243.283,340.317,0.354105
kite,281.099,251.723,289.52,258.777,0.320084
person,338.181,315.912,346.633,332.428,0.218841
person,214.298,317.785,222.155,340.846,0.217795
person,559.941,317.615,566.609,330.031,0.217292
person,331.912,315.678,339.13,332.826,0.211187
person,561.259,333.793,569.552,343.593,0.208281
person,110.062,317.482,118.991,338.717,0.189279
person,205.754,316.371,212.039,331.808,0.162454
kite,383.653,280.097,397.904,289.978,0.153726
person,387.799,324.342,394.075,336.571,0.152745
person,559.262,317.391,567.663,338.543,0.143976
person,536.548,316.682,561.699,343.106,0.134602
person,404.495,324.679,414.168,337.414,0.119075
person,275.706,327.279,281.385,338.857,0.114669
person,389.656,325.109,395.732,337.178,0.108259
person,535.864,317.64,545.397,341.189,0.105634
person,537.018,316.099,543.635,331.962,0.104774
person,335.582,315.443,345.205,332.944,0.103464
person,274.853,329.671,280.638,339.369,0.087924
person,302.519,320.141,309.842,336.574,0.080788
person,400.948,324.798,411.505,337.23,0.075021
person,117.924,314.704,124.788,329.446,0.073536
person,543.393,317.197,550.282,331.069,0.071364
person,103.43,326.341,110.699,337.776,0.068347
person,220.545,315.101,231.337,341.657,0.06569
person,301.369,317.563,311.983,336.987,0.063102
person,236.278,318.659,246.061,339.779,0.062843
person,286.504,325.918,297.768,336.667,0.062077
person,109.304,318.509,122.511,338.922,0.0567
person,78.518,322.311,89.716,332.395,0.050862
kite,537.382,329.697,570.033,343.701,0.048818
person,128.57,323.198,135.759,337.699,0.048484
kite,0.338,308.894,26.642,333.713,0.046597
person,340.666,315.973,347.211,331.693,0.043817
person,303.178,316.786,309.141,328.483,0.042272
person,110.139,316.843,118.986,331.266,0.041325
kite,1.498,326.449,21.504,333.967,0.039192
kite,289.795,207.979,297.656,213.361,0.038739
kite,382.217,271.497,424.193,295.163,0.036709
kite,289.286,209.275,313.825,219.304,0.035704
person,539.789,319.049,568.057,341.918,0.035621
person,293.933,325.762,301.61,336.702,0.034922
person,142.716,325.273,150.286,333.497,0.033833
person,81.001,321.865,87.617,329.73,0.033823
person,585.21,321.568,594.197,332.169,0.033189
person,600.327,327.653,607.84,331.826,0.033024
kite,384.318,279.344,404.252,289.997,0.032327
person,535.386,328.908,545.049,343.165,0.031564
person,537.19,329.782,570.09,343.8,0.031374
kite,60.258,327.169,106.449,349.934,0.031162
person,205.05,316.759,210.349,331.691,0.030534
kite,432.644,81.464,448.863,96.235,0.030443
kite,280.776,250.641,290.026,256.876,0.030384
kite,285.784,256.286,294.914,262.406,0.030265
car,189.276,325.753,201.226,330.342,0.027853
kite,60.703,336.283,106.236,358.006,0.026546
person,365.929,326.786,377.86,337.998,0.025725
person,475.46,311.27,479.945,321.151,0.025335
person,365.78,331.165,378.382,338.372,0.025115
car,1.498,326.449,21.504,333.967,0.024937
kite,424.826,353.27,430.993,357.928,0.024339
kite,400.946,352.255,405.007,356.353,0.02425
kite,535.891,317.534,545.52,341.369,0.024193
car,174.056,325.316,188.558,329.306,0.023601
kite,382.93,277.977,406.575,292.151,0.02294
car,280.497,311.143,289.207,317.419,0.022836
person,385.98,324.092,396.04,336.906,0.022537
kite,49.308,326.048,62.632,342.885,0.022276
person,221.405,315.661,229.446,329.996,0.022164
kite,142.716,325.273,150.286,333.497,0.021853
kite,48.528,325.568,101.153,343.026,0.020768
person,557.188,319.019,568.871,343.501,0.019256
person,204.556,315.791,213.585,332.482,0.018473
person,605.907,327.938,614.673,332.845,0.018392
person,277.372,326.656,289.402,336.628,0.017805
person,135.791,318.103,144.784,329.902,0.01732
person,536.212,315.709,546.279,332.578,0.017103
kite,76.997,322.275,90.225,332.439,0.016999
kite,124.514,323.644,150.824,338.493,0.016719
kite,62.158,324.16,89.933,332.785,0.016538
kite,48.699,328.103,66.54,342.022,0.016376
person,111.667,315.239,123.227,335.193,0.016359
kite,543.393,317.197,550.282,331.069,0.016195
kite,176.713,238.361,185.22,250.6,0.016156
person,214.749,317.069,222.517,330.808,0.015956
kite,559.941,317.615,566.609,330.031,0.015301
kite,177.676,242.808,185.289,251.574,0.015063
kite,244.462,252.245,249.347,260.619,0.014758
kite,600.327,327.653,607.84,331.826,0.01435
kite,1.077,320.169,25.886,339.81,0.014331
kite,261.396,327.441,272.492,336.022,0.014105
person,388.281,324.677,398.272,337.605,0.014018
person,102.342,320.523,115.273,337.238,0.013869
car,276.02,326.461,290.21,336.902,0.013265
person,614.634,325.947,620.119,331.97,0.012892
person,519.887,327.979,524.042,335.44,0.012641
bicycle,118.265,330.752,133.091,339.106,0.012629
person,232.331,329.735,237.827,340.27,0.012498
person,227.359,314.859,245.98,341.189,0.012218
person,273.321,326.889,283.872,339.168,0.012023
car,174.489,324.92,200.057,330.285,0.01198
kite,129.212,323.776,151.331,335.531,0.011927
person,130.645,324.224,150.372,334.98,0.011256
person,337.563,321.03,346.49,333.669,0.011114
person,48.622,328.371,61.171,341.79,0.011085
person,504.091,312.274,508.231,320.171,0.010965
person,535.21,314.46,569.808,344.587,0.010956
person,117.069,324.998,130.809,338.768,0.010802
kite,0.608,307.974,45.514,333.12,0.01079
person,465.513,327.699,471.235,332.663,0.010725
kite,109.304,318.509,122.511,338.922,0.010404
car,261.396,327.441,272.492,336.022,0.010311
car,49.002,328.177,66.353,341.972,0.010193
kite,5.268,325.623,29.11,332.778,0.009907
person,206.182,320.261,212.401,334.331,0.009856
kite,420.1,326.822,436.059,331.409,0.009827
kite,559.262,317.391,567.663,338.543,0.009791
kite,537.018,316.099,543.635,331.962,0.009659
person,125.541,323.093,137.316,338.483,0.009265
person,202.786,324.877,208.956,332.168,0.00918
kite,174.056,325.316,188.558,329.306,0.009138
kite,411.719,353.331,430.075,357.933,0.008914
kite,557.188,319.019,568.871,343.501,0.00855
kite,301.369,317.563,311.983,336.987,0.008336
car,0.341,327.335,13.795,333.903,0.008271
kite,23.046,306.414,55.422,320.644,0.008043
kite,102.342,320.523,115.273,337.238,0.007954
person,214.657,328.633,222.226,340.979,0.007921
kite,140.544,324.816,152.374,333.83,0.007571
car,285.679,325.797,300.439,336.835,0.007568
kite,147.695,326.575,163.888,331.858,0.007548
kite,189.276,325.753,201.226,330.342,0.007543
car,293.722,314.132,304.344,318.716,0.007449
person,130.275,320.189,136.271,329.602,0.007433
car,48.273,326.105,71.819,339.555,0.007294
person,339.452,315.495,349.195,332.223,0.007235
kite,365.78,331.165,378.382,338.372,0.007051
person,103.843,330.099,111.041,338.625,0.007003
person,507.023,328.371,512.898,333.36,0.006982
car,281.191,311.328,301.663,317.775,0.006897
kite,288.176,207.443,299.719,214.267,0.006864
kite,561.259,333.793,569.552,343.593,0.006824
person,245.129,313.995,255.754,338.095,0.006684
kite,538.915,312.481,560.952,337.718,0.006546
person,206.062,314.98,217.084,334.8,0.006261
person,291.772,325.393,304.12,337.041,0.006234
kite,81.231,324.627,103.521,332.966,0.006055
backpack,248.865,318.556,255.728,330.782,0.006051
kite,106.092,320.411,130.762,339.33,0.006029
person,400.894,322.983,414.837,339.382,0.006008
kite,285.679,325.797,300.439,336.835,0.005932
person,140.544,324.816,152.374,333.83,0.005839
kite,282.225,255.034,295.758,263.145,0.005775
truck,48.699,328.103,66.54,342.022,0.005746
kite,282.275,253.897,299.619,311.4,0.005738
kite,440.175,193.679,452.253,200.957,0.005735
kite,1.982,320.257,39.734,344.415,0.005723
person,248.865,318.556,255.728,330.782,0.005691
person,387.153,321.671,397.028,338.456,0.005635
kite,408.508,353.885,417.26,357.656,0.005628
kite,276.697,322.123,310.606,337.731,0.005623
kite,276.02,326.461,290.21,336.902,0.005603
kite,280.338,249.068,290.51,258.069,0.005409
kite,275.48,260.821,309.547,315.425,0.005364
kite,231.584,315.033,243.261,340.891,0.005364
kite,384.788,276.827,421.907,296.977,0.005348
bicycle,126.203,331.068,135.217,339.003,0.005332
person,262.321,329.454,269.027,339.436,0.005275
car,5.268,325.623,29.11,332.778,0.00527
bicycle,116.87,324.489,131.045,339.025,0.005096
kite,0.341,327.335,13.795,333.903,0.005069
boat,0.799,286.278,24.342,295.267,0.005005
car,420.1,326.822,436.059,331.409,0.004987
person,106.687,317.586,114.239,329.674,0.004949
person,532.101,316.303,551.936,343.331,0.004909
backpack,539.789,319.049,568.057,341.918,0.004852
kite,91.868,340.113,104.462,351.869,0.004796
person,341.264,324.152,349.579,332.074,0.004726
person,398.354,332.765,405.828,338.075,0.004697
kite,135.205,323.5,166.132,338.6,0.004639
kite,245.79,316.983,255.284,340.52,0.004593
person,44.846,307.471,55.529,317.141,0.00447
person,125.236,321.508,148.135,339.579,0.004426
kite,605.907,327.938,614.673,332.845,0.004418
person,301.326,316.331,312.375,329.295,0.0044
car,295.275,316.548,307.01,322.58,0.004394
person,590.224,326.948,596.999,331.989,0.004373
kite,60.127,326.191,76.629,331.119,0.004372
bicycle,128.57,323.198,135.759,337.699,0.004362
kite,155.698,325.851,170.602,330.578,0.004345
kite,351.695,302.16,357.149,309.421,0.004339
car,60.127,326.191,76.629,331.119,0.004328
car,22.262,306.676,55.356,317.694,0.004284
kite,28.854,316.084,106.214,346.317,0.004267
person,261.396,327.441,272.492,336.022,0.004254
kite,55.803,325.896,81.801,333.87,0.004233
person,239.608,316.739,258.95,341.211,0.00423
person,213.959,316.616,224.945,331.785,0.00422
kite,214.622,317.565,224.923,341.539,0.004213
kite,59.209,333.406,105.71,365.9,0.004201
kite,254.38,329.669,268.55,339.655,0.004181
person,496.017,328.536,501.038,332.867,0.004179
car,600.327,327.653,607.84,331.826,0.004114
kite,128.277,323.194,136.022,337.983,0.004103
kite,409.224,303.242,416.046,314.822,0.004029
kite,97.575,321.748,118.271,337.454,0.003856
kite,608.445,303.493,634.612,328.242,0.003838
person,351.695,302.16,357.149,309.421,0.003829
person,106.092,320.411,130.762,339.33,0.003821
person,420.808,325.822,424.913,330.982,0.0038
person,364.565,316.511,374.54,331.906,0.003798
person,210.895,317.435,229.23,342.332,0.003774
kite,174.489,324.92,200.057,330.285,0.00377
person,480.996,328.349,485.777,332.418,0.003709
person,189.276,325.753,201.226,330.342,0.003698
person,400.946,352.255,405.007,356.353,0.003663
bicycle,108.988,330.722,123.747,339.073,0.003583
kite,535.388,328.477,545.209,343.245,0.003538
kite,586.412,321.892,592.648,331.763,0.003535
kite,48.273,326.105,71.819,339.555,0.003531
kite,255.835,328.385,268.03,337.309,0.003461
kite,144.229,326.281,196.368,342.818,0.003443
bicycle,110.054,317.342,119.048,338.793,0.0034
person,505.534,318.594,509.863,326.151,0.003361
truck,48.273,326.105,71.819,339.555,0.00327
kite,45.48,327.804,92.264,345.527,0.003237
kite,283.477,320.651,306.38,338.616,0.003172
kite,533.456,314.536,599.278,342.092,0.003154
person,239.834,329.726,247.493,339.924,0.003064
kite,293.599,325.74,301.886,336.873,0.003046
car,293.933,325.762,301.61,336.702,0.003035
person,390.951,331.914,398.343,337.706,0.002992
person,134.851,315.744,148.519,332.845,0.002985
kite,144.143,325.729,165.2,332.78,0.002975
kite,280.496,247.437,291.923,264.462,0.002968
person,364.13,316.599,370.154,330.963,0.002942
car,55.803,325.896,81.801,333.87,0.002934
person,331.024,322.167,338.523,333.302,0.002911
umbrella,420.1,326.822,436.059,331.409,0.002877
kite,232.331,329.735,237.827,340.27,0.002813
car,62.158,324.16,89.933,332.785,0.002799
car,312.103,316.685,321.663,321.945,0.002767
kite,262.321,329.454,269.027,339.436,0.00276
kite,277.622,314.867,312.822,330.366,0.002757
kite,348.543,326.452,361.154,330.935,0.002754
car,275.706,327.279,281.385,338.857,0.002749
car,605.907,327.938,614.673,332.845,0.002708
person,522.433,314.589,528.732,328.559,0.002693
person,283.477,320.651,306.38,338.616,0.002684
person,550.801,317.414,565.398,332.878,0.002663
kite,288.6,207.688,314.12,224.895,0.002657
person,258.316,325.081,271.744,341.102,0.002586
bicycle,535.535,316.542,569.542,343.74,0.002581
person,519.268,326.646,524.702,336.856,0.002572
person,222.578,327.699,230.786,341.494,0.002525
kite,382.909,303.953,393.779,314.185,0.002495
kite,536.212,315.709,546.279,332.578,0.002472
kite,76.449,339.938,106.281,352.996,0.002437
kite,595.612,303.131,638.026,332.059,0.002436
person,420.1,326.822,436.059,331.409,0.002409
person,48.583,326.213,71.432,339.105,0.002397
person,118.265,330.752,133.091,339.106,0.002385
person,361.256,324.797,372.027,333.547,0.002362
kite,60.611,338.894,105.173,423.594,0.002344
person,147.695,326.575,163.888,331.858,0.00233
person,62.158,324.16,89.933,332.785,0.002321
kite,280.333,249.951,298.425,262.247,0.002315
truck,22.262,306.676,55.356,317.694,0.002311
bus,281.191,311.328,301.663,317.775,0.002241
kite,43.778,307.276,56.184,317.237,0.002218
kite,532.101,316.303,551.936,343.331,0.002207
person,141.391,318.676,149.39,327.266,0.002194
kite,258.316,325.081,271.744,341.102,0.002185
motorcycle,365.424,330.756,378.749,338.45,0.002173
kite,302.274,320.064,310.026,336.693,0.002169
kite,1.879,323.735,53.398,333.072,0.002151
kite,614.634,325.947,620.119,331.97,0.002146
person,538.915,312.481,560.952,337.718,0.002144
person,331.356,315.131,350.302,332.943,0.002128
person,237.598,319.364,245.304,329.429,0.002127
kite,533.807,311.958,547.465,333.36,0.002113
backpack,110.157,317.012,118.976,330.997,0.00211
kite,49.781,324.987,103.893,353.133,0.002102
person,255.835,328.385,268.03,337.309,0.002083
person,100.158,310.284,105.918,319.016,0.002065
car,47.971,326.378,61.625,340.305,0.002061
kite,335.582,315.443,345.205,332.944,0.002052
kite,153.315,325.268,174.716,331.785,0.002044
kite,126.203,331.068,135.217,339.003,0.002002
kite,156.56,325.022,187.576,330.482,0.001989
car,294.2,316.108,308.087,324.284,0.001976
