person,269.004,174.346,380.39,419.996,0.941854
person,435.711,217.972,516.195,463.565,0.79362
person,350.439,248.58,490.366,477.156,0.739655
person,0.0,272.026,44.964,476.482,0.710669
sports ball,358.024,256.834,373.793,279.741,0.184274
baseball glove,3.638,359.008,38.004,455.49,0.127698
baseball glove,357.043,257.506,373.582,279.887,0.106053
baseball glove,10.764,391.078,34.259,423.335,0.077452
baseball bat,4.448,386.533,44.943,474.35,0.067211
person,440.664,219.839,511.469,327.283,0.036772
tennis racket,4.448,386.533,44.943,474.35,0.036415
person,437.885,220.412,513.281,389.894,0.033417
person,446.467,351.579,507.935,461.441,0.033027
person,408.921,225.345,508.137,470.668,0.029831
baseball glove,452.225,355.426,507.026,459.044,0.028928
sports ball,95.535,270.197,105.075,279.932,0.025926
baseball glove,1.422,307.669,40.681,474.106,0.023323
person,0.0,268.351,32.074,476.73,0.022778
baseball glove,10.736,374.45,36.179,408.532,0.021286
person,428.092,257.278,489.178,462.76,0.020822
baseball glove,4.016,382.341,40.389,466.423,0.019104
person,436.376,281.399,506.963,470.965,0.019027
baseball glove,477.085,379.683,508.23,441.135,0.018394
person,429.783,247.324,470.678,299.839,0.015496
person,1.013,271.344,43.324,416.86,0.015132
baseball bat,3.638,359.008,38.004,455.49,0.013555
baseball glove,449.405,388.398,485.543,461.336,0.01344
tennis racket,445.997,357.064,496.238,461.019,0.013139
baseball bat,442.055,382.754,472.814,463.114,0.012291
baseball glove,446.812,362.9,495.332,456.106,0.012106
person,425.964,236.684,480.485,307.696,0.011332
person,357.043,257.506,373.582,279.887,0.010962
person,436.16,257.03,481.846,306.092,0.010098
baseball glove,478.55,389.505,505.791,430.453,0.009818
baseball glove,429.783,247.324,470.678,299.839,0.00962
person,3.638,359.008,38.004,455.49,0.009048
person,3.022,385.329,45.839,474.961,0.008736
baseball glove,437.926,323.946,506.938,460.772,0.008732
tennis racket,3.638,359.008,38.004,455.49,0.008655
person,0.0,266.778,27.278,299.855,0.008602
baseball glove,476.64,278.765,498.925,307.702,0.008487
person,413.234,347.012,498.705,462.836,0.008423
person,439.443,229.852,504.172,306.113,0.008027
person,460.7,215.727,536.627,458.009,0.007793
baseball bat,7.031,386.716,34.46,427.935,0.007624
backpack,477.085,379.683,508.23,441.135,0.007525
backpack,449.405,388.398,485.543,461.336,0.007496
tennis racket,435.981,360.479,481.255,459.105,0.007373
baseball bat,435.981,360.479,481.255,459.105,0.007335
person,485.545,242.587,515.239,300.644,0.007135
baseball glove,463.756,381.904,506.857,462.488,0.006971
tennis racket,477.085,379.683,508.23,441.135,0.006945
baseball glove,475.146,263.163,498.887,300.442,0.00694
baseball glove,415.615,350.226,495.506,461.317,0.006886
baseball glove,473.402,272.618,500.356,315.546,0.006835
baseball glove,472.881,253.23,503.691,307.938,0.006804
person,469.916,258.994,503.86,331.223,0.006792
tennis racket,449.405,388.398,485.543,461.336,0.006764
baseball glove,488.061,254.409,512.94,302.253,0.006696
person,0.0,269.995,28.324,329.564,0.006463
person,385.195,335.866,509.744,466.989,0.006452
person,275.517,191.907,369.26,371.147,0.00638
person,478.272,384.4,509.121,458.144,0.006309
person,456.892,379.744,508.351,463.114,0.006168
backpack,463.756,381.904,506.857,462.488,0.006118
tennis racket,7.031,386.716,34.46,427.935,0.006116
person,471.478,251.468,505.732,311.528,0.005893
tennis racket,442.055,382.754,472.814,463.114,0.005637
tennis racket,0.642,307.792,45.465,476.602,0.005612
baseball glove,12.823,406.701,35.42,434.2,0.005572
backpack,445.997,357.064,496.238,461.019,0.004857
baseball bat,357.043,257.506,373.582,279.887,0.004848
person,357.572,315.068,482.318,475.515,0.004827
person,0.0,399.332,19.653,478.949,0.004766
sports ball,97.21,264.115,108.185,274.338,0.004733
baseball glove,436.16,257.03,481.846,306.092,0.00472
person,463.547,258.066,506.45,464.663,0.004642
baseball glove,469.916,258.994,503.86,331.223,0.004636
sports ball,478.55,389.505,505.791,430.453,0.004578
person,0.27,379.28,23.545,470.923,0.004401
baseball bat,415.615,350.226,495.506,461.317,0.004393
baseball bat,340.602,210.191,375.144,269.075,0.004341
person,432.743,240.118,486.505,343.817,0.004338
person,0.143,316.867,23.456,462.996,0.004196
person,359.81,261.655,483.139,428.661,0.004007
sports ball,463.756,381.904,506.857,462.488,0.003833
baseball glove,428.503,291.966,493.269,459.27,0.003801
baseball bat,21.297,408.132,45.73,474.316,0.003791
baseball glove,3.224,401.697,47.022,475.228,0.003746
baseball bat,347.608,327.233,379.448,353.249,0.003727
person,481.474,226.761,520.086,371.108,0.003709
person,435.636,239.994,481.656,293.86,0.003703
person,0.915,266.118,40.598,351.719,0.00369
sports ball,340.899,230.986,355.348,250.47,0.003593
person,1.369,356.041,23.938,456.265,0.003586
sports ball,477.352,377.916,507.759,443.786,0.003569
sports ball,38.614,465.092,50.652,475.964,0.003566
baseball glove,441.898,220.847,510.806,325.996,0.003519
baseball bat,330.313,179.82,369.18,245.118,0.00344
person,0.249,269.737,25.772,315.199,0.003409
baseball glove,269.947,185.202,380.433,405.906,0.003337
backpack,478.55,389.505,505.791,430.453,0.003332
person,415.791,216.422,480.251,285.587,0.003299
baseball glove,443.286,350.178,501.201,436.616,0.003298
tennis racket,0.27,379.28,23.545,470.923,0.00328
sports ball,490.522,255.165,510.926,277.84,0.003251
baseball bat,452.225,355.426,507.026,459.044,0.003193
person,6.396,264.792,62.41,465.355,0.003182
baseball glove,368.838,371.249,388.706,407.838,0.003126
baseball glove,340.602,210.191,375.144,269.075,0.003095
sports ball,338.03,221.723,355.912,252.215,0.003084
person,507.31,90.54,634.179,445.37,0.002997
baseball bat,478.272,384.4,509.121,458.144,0.002916
baseball glove,463.283,232.723,507.944,300.801,0.002809
baseball bat,303.219,196.656,350.64,265.65,0.002757
baseball glove,441.837,348.079,480.714,403.044,0.002706
sports ball,10.764,391.078,34.259,423.335,0.002702
person,447.173,243.178,498.106,319.669,0.002597
tennis racket,478.55,389.505,505.791,430.453,0.002584
tennis racket,0.188,398.046,19.48,479.222,0.002582
baseball bat,314.506,187.579,340.238,241.32,0.002565
baseball bat,286.098,183.695,353.863,238.917,0.002558
person,426.432,266.008,458.271,295.747,0.002535
person,0.0,269.198,32.611,408.681,0.0025
person,405.337,250.549,445.728,292.445,0.002486
person,449.405,388.398,485.543,461.336,0.002482
baseball bat,269.947,185.202,380.433,405.906,0.002466
baseball glove,279.144,206.148,359.895,358.495,0.002443
baseball glove,455.616,401.753,481.168,444.395,0.002438
person,488.436,253.971,512.574,301.9,0.002425
sports ball,108.923,373.482,132.337,383.114,0.002371
baseball glove,338.968,229.548,356.21,254.242,0.002326
person,435.981,360.479,481.255,459.105,0.002325
person,463.132,234.698,508.417,300.958,0.002311
sports ball,436.444,256.032,481.22,306.506,0.002285
baseball glove,437.304,245.205,511.397,469.925,0.00228
handbag,463.756,381.904,506.857,462.488,0.002246
bicycle,445.997,357.064,496.238,461.019,0.002233
suitcase,463.756,381.904,506.857,462.488,0.002225
baseball bat,463.756,381.904,506.857,462.488,0.002189
sports ball,488.436,253.971,512.574,301.9,0.002159
baseball glove,1.146,375.129,19.84,407.064,0.002129
baseball bat,449.681,389.094,485.541,461.027,0.002128
baseball glove,440.039,262.505,474.53,301.874,0.002099
person,429.219,233.409,499.997,365.357,0.002067
sports ball,12.823,406.701,35.42,434.2,0.002063
baseball glove,0.143,316.867,23.456,462.996,0.002035
sports ball,4.016,382.341,40.389,466.423,0.002032
sports ball,446.812,362.9,495.332,456.106,0.002013
baseball glove,438.744,364.748,478.317,455.391,0.001951
baseball glove,405.337,250.549,445.728,292.445,0.00195
person,475.605,209.148,529.266,393.428,0.001908
baseball bat,351.462,317.804,377.126,343.379,0.001891
baseball glove,447.173,243.178,498.106,319.669,0.001867
chair,445.997,357.064,496.238,461.019,0.001814
baseball glove,463.547,258.066,506.45,464.663,0.001804
baseball bat,446.812,362.9,495.332,456.106,0.001802
person,479.115,232.5,524.93,313.179,0.001796
baseball glove,452.64,390.914,482.076,431.012,0.001787
tennis racket,463.756,381.904,506.857,462.488,0.001786
person,4.606,345.774,38.903,402.971,0.001753
person,440.278,218.248,506.647,274.923,0.001738
person,433.409,267.958,451.086,295.102,0.001736
baseball glove,480.013,257.938,495.781,273.502,0.001689
person,473.402,272.618,500.356,315.546,0.001679
baseball glove,351.462,317.804,377.126,343.379,0.001669
person,427.481,342.008,520.631,463.657,0.001622
baseball bat,0.0,266.778,27.278,299.855,0.001586
baseball glove,377.289,244.721,509.221,471.07,0.001581
sports ball,270.65,237.438,292.152,258.527,0.001574
baseball bat,24.867,421.642,44.462,460.554,0.001572
person,484.719,254.345,513.257,330.387,0.001552
baseball glove,475.187,293.186,498.371,331.768,0.001543
baseball glove,1.876,385.025,22.378,428.598,0.001529
baseball glove,444.589,361.21,475.68,392.151,0.001504
baseball bat,313.316,179.766,340.809,223.215,0.001502
tennis racket,10.736,374.45,36.179,408.532,0.001484
baseball bat,101.47,370.703,201.821,441.45,0.001479
baseball glove,465.567,279.841,503.664,340.421,0.001477
baseball glove,1.369,356.041,23.938,456.265,0.001462
baseball bat,1.422,307.669,40.681,474.106,0.001451
baseball glove,290.692,268.069,344.046,298.671,0.00145
baseball glove,370.296,328.321,383.884,357.826,0.001446
baseball glove,0.0,382.496,23.644,469.366,0.001426
skateboard,463.756,381.904,506.857,462.488,0.0014
baseball bat,12.823,406.701,35.42,434.2,0.001381
sports ball,440.039,262.505,474.53,301.874,0.001374
handbag,449.405,388.398,485.543,461.336,0.001345
baseball glove,271.837,214.197,302.654,258.641,0.001341
baseball bat,425.74,381.558,463.59,465.095,0.001317
person,498.187,108.784,599.046,430.041,0.001317
tennis racket,415.615,350.226,495.506,461.317,0.001311
person,290.859,213.607,387.609,410.409,0.001309
sports ball,299.427,273.233,324.535,295.774,0.001301
person,10.736,374.45,36.179,408.532,0.00127
baseball glove,299.427,273.233,324.535,295.774,0.001261
sports ball,523.356,219.941,544.008,235.643,0.001258
sports ball,362.549,228.626,375.353,243.248,0.001242
handbag,442.055,382.754,472.814,463.114,0.001239
person,476.64,278.765,498.925,307.702,0.00123
bicycle,413.234,347.012,498.705,462.836,0.001226
handbag,452.225,355.426,507.026,459.044,0.001209
person,313.05,269.677,458.582,405.461,0.001179
baseball glove,38.614,465.092,50.652,475.964,0.001174
handbag,477.085,379.683,508.23,441.135,0.001172
backpack,435.981,360.479,481.255,459.105,0.00117
baseball glove,456.059,235.43,511.429,386.288,0.001152
baseball glove,347.608,327.233,379.448,353.249,0.001126
baseball glove,425.964,236.684,480.485,307.696,0.001124
baseball glove,490.522,255.165,510.926,277.84,0.001106
baseball glove,1.562,360.615,12.851,392.232,0.001106
handbag,368.838,371.249,388.706,407.838,0.001103
backpack,455.616,401.753,481.168,444.395,0.0011
frisbee,357.793,256.087,374.041,280.239,0.001096
person,479.056,250.57,528.085,433.591,0.001094
sports ball,349.575,219.155,371.467,249.074,0.001085
person,0.0,268.378,85.907,478.974,0.001085
baseball glove,0.0,266.778,27.278,299.855,0.001084
baseball bat,10.736,374.45,36.179,408.532,0.001076
person,477.116,76.819,621.525,404.825,0.001074
baseball glove,302.954,248.516,487.605,475.94,0.001073
frisbee,478.55,389.505,505.791,430.453,0.001071
baseball glove,442.649,384.197,471.729,462.44,0.00107
backpack,442.055,382.754,472.814,463.114,0.001068
tennis racket,1.369,356.041,23.938,456.265,0.001046
baseball glove,433.409,267.958,451.086,295.102,0.001043
person,296.295,231.394,486.985,444.64,0.001029
baseball glove,9.527,361.049,39.525,393.46,0.001028
person,0.0,254.769,35.594,307.654,0.001021
sports ball,290.692,268.069,344.046,298.671,0.001019
