person,518.778,200.982,638.01,575.636,0.8787
person,0.033,210.172,82.602,483.526,0.86692
person,78.559,272.023,160.723,479.908,0.823531
person,99.819,144.859,550.773,580.0,0.775715
person,99.547,229.719,149.422,286.685,0.534779
person,449.498,252.749,516.357,342.735,0.477161
person,158.504,325.913,223.133,400.971,0.457215
person,146.986,239.427,217.946,353.618,0.423622
cell phone,287.609,260.934,364.748,319.859,0.324831
cell phone,609.534,272.001,639.767,317.909,0.324566
person,428.672,203.364,474.944,319.671,0.324157
cell phone,289.562,287.24,313.136,314.1,0.296963
person,492.286,207.254,533.114,260.308,0.27549
person,0.0,224.081,26.112,295.474,0.221379
person,397.68,204.725,446.918,319.879,0.208084
person,140.565,219.794,178.005,295.332,0.17808
person,475.217,208.811,572.547,425.98,0.177873
person,56.175,222.958,98.537,343.273,0.140818
tie,595.939,340.913,622.265,436.996,0.123771
cell phone,281.702,282.207,315.105,318.396,0.117447
person,146.818,243.01,221.944,406.046,0.089237
person,149.77,220.469,179.192,276.957,0.087242
cell phone,292.212,254.952,387.344,318.312,0.081324
person,615.582,220.374,640.0,564.857,0.077249
person,54.817,229.645,83.486,263.612,0.077245
person,55.24,226.449,96.92,294.737,0.076826
person,64.38,229.132,108.671,298.284,0.073465
traffic light,194.192,160.533,208.691,189.394,0.071765
person,448.405,260.079,504.207,360.763,0.071587
person,496.703,207.433,572.791,315.597,0.064154
person,489.256,207.689,574.757,360.12,0.062516
person,620.714,208.072,639.636,240.78,0.061886
person,152.882,220.083,178.75,256.916,0.061498
person,456.155,201.591,493.796,267.495,0.055864
person,0.768,331.167,23.293,481.622,0.053101
person,401.926,207.02,442.931,259.852,0.052461
person,76.71,229.756,105.544,274.801,0.049414
person,473.174,207.359,497.75,254.902,0.048442
person,92.286,226.092,118.031,272.981,0.044441
person,107.937,229.316,153.052,300.878,0.044241
traffic light,168.805,103.559,184.524,149.23,0.044128
person,490.331,205.38,606.995,570.34,0.043852
person,96.821,231.879,149.177,327.825,0.042615
person,131.497,211.112,149.399,235.886,0.041032
person,452.308,205.048,492.778,296.059,0.040931
person,111.787,230.76,148.808,278.303,0.038145
person,130.485,213.9,150.916,249.296,0.037256
person,430.137,197.843,475.05,274.758,0.037202
person,140.058,228.833,191.095,349.75,0.032397
cell phone,275.589,284.698,315.185,335.021,0.03172
person,0.0,222.481,24.188,255.709,0.031209
person,130.594,379.47,167.576,466.609,0.030816
person,598.543,219.196,626.352,276.07,0.030125
cell phone,293.173,277.435,323.471,313.63,0.029926
person,100.042,218.559,118.452,253.934,0.026985
person,56.272,221.197,85.489,256.277,0.026463
person,610.394,258.136,640.0,318.478,0.025833
traffic light,210.35,72.269,229.607,110.353,0.025556
person,617.146,214.491,639.785,280.365,0.025206
person,63.679,233.323,104.526,352.887,0.024144
person,134.161,217.049,159.953,254.664,0.023691
person,0.0,223.7,26.827,339.497,0.023403
person,595.969,330.805,623.326,450.232,0.022989
person,560.964,198.543,614.854,266.983,0.022855
person,483.683,209.24,550.199,311.032,0.022403
person,596.433,206.62,634.519,302.131,0.022127
person,585.648,202.634,640.0,574.035,0.021383
person,617.075,236.188,640.0,299.474,0.02128
traffic light,520.908,171.777,533.872,201.332,0.021114
person,466.806,203.673,570.431,568.328,0.02071
cup,609.534,272.001,639.767,317.909,0.020669
person,74.788,232.274,106.779,293.736,0.020566
tie,596.055,309.678,624.751,457.808,0.020278
person,424.496,234.513,475.358,327.109,0.019836
person,0.466,324.177,21.38,432.225,0.019215
tie,595.365,264.342,633.301,507.249,0.01872
person,85.518,230.543,117.253,300.384,0.018377
person,483.703,207.642,583.232,495.661,0.017574
person,475.171,206.072,499.275,242.239,0.017026
person,605.588,213.891,640.0,564.114,0.017011
person,136.805,219.552,177.049,272.47,0.016939
person,608.943,230.803,640.0,481.769,0.016731
cell phone,292.636,260.211,337.799,313.617,0.016499
person,84.533,231.821,113.282,276.287,0.01523
cell phone,606.838,250.416,639.331,319.167,0.014911
person,82.524,231.003,105.187,264.975,0.014788
bottle,610.394,258.136,640.0,318.478,0.014508
cup,527.622,419.045,544.298,444.444,0.014414
person,106.807,219.994,127.39,248.755,0.014338
traffic light,208.21,151.319,228.178,189.807,0.014179
traffic light,191.922,157.191,211.233,191.472,0.014167
person,136.855,226.906,176.639,331.142,0.014077
person,68.392,217.592,87.624,244.386,0.013867
cell phone,270.909,287.088,313.387,315.554,0.013432
person,584.945,199.531,628.763,270.89,0.013265
person,68.103,232.244,102.926,277.648,0.013051
person,554.262,199.504,616.325,305.847,0.013047
person,81.183,220.429,103.979,253.509,0.012783
person,55.783,227.021,79.608,253.123,0.012614
person,135.534,225.179,161.859,268.451,0.012558
person,74.472,231.903,106.881,342.349,0.011927
person,487.116,208.805,532.286,281.687,0.011808
traffic light,355.125,130.15,378.332,154.096,0.0118
traffic light,206.345,179.844,218.89,193.609,0.011614
person,600.065,218.894,626.314,253.062,0.011537
traffic light,210.532,150.205,233.669,185.007,0.011126
person,30.129,188.841,52.111,220.677,0.010943
tie,597.697,251.054,640.0,463.909,0.010867
person,521.656,208.312,574.031,293.494,0.010595
remote,610.016,273.281,638.72,317.125,0.01037
person,609.752,223.706,640.0,302.097,0.010261
person,517.149,204.757,534.7,234.66,0.010168
person,136.241,224.381,164.137,301.179,0.009999
person,102.248,218.142,117.86,243.826,0.009949
person,157.201,307.493,220.023,389.383,0.009824
person,395.2,203.498,428.17,301.184,0.009691
person,54.259,225.85,94.539,265.477,0.009449
person,446.631,220.013,562.018,378.28,0.008667
cell phone,358.821,250.77,382.116,321.197,0.008447
person,594.345,268.11,632.818,548.159,0.008407
stop sign,272.495,104.381,299.466,142.366,0.008392
person,68.007,254.005,102.42,369.334,0.007994
person,131.841,347.744,170.356,470.257,0.007937
person,104.538,226.499,146.124,270.116,0.007881
cell phone,272.494,241.171,386.759,341.21,0.007842
person,408.922,206.134,463.303,319.58,0.007697
person,132.675,315.131,182.298,451.661,0.00763
person,449.21,256.628,523.759,396.86,0.007575
cell phone,356.138,251.591,375.927,316.854,0.007461
tie,585.648,202.634,640.0,574.035,0.007431
person,477.852,254.081,518.663,280.659,0.007187
person,495.532,208.341,521.253,237.162,0.007088
person,154.596,220.041,182.966,269.207,0.007041
traffic light,206.003,174.377,220.509,191.551,0.007031
person,454.1,215.182,555.816,443.721,0.007012
person,586.139,207.362,621.74,286.207,0.006815
person,0.0,207.21,21.658,484.759,0.006806
person,618.819,233.676,640.0,275.726,0.006756
person,622.724,208.473,636.884,222.462,0.006648
person,140.914,295.333,193.525,424.226,0.006572
person,420.525,199.636,466.69,273.721,0.006393
person,0.0,211.84,44.272,293.154,0.006371
person,104.746,218.136,122.821,242.53,0.006326
person,52.914,229.404,84.966,295.713,0.006323
person,447.846,258.172,492.268,344.604,0.006131
traffic light,272.207,104.238,299.479,143.129,0.006059
person,102.917,218.553,122.822,256.133,0.006031
person,466.899,207.577,498.38,284.677,0.00595
cell phone,614.867,302.056,637.497,318.8,0.005913
person,600.472,218.188,638.681,274.825,0.005784
person,44.557,207.202,98.612,439.284,0.005773
person,595.268,247.833,640.0,471.746,0.005764
person,601.183,219.663,639.172,314.39,0.005718
person,105.175,218.433,130.13,255.968,0.005611
person,51.543,223.822,69.488,248.336,0.005565
person,507.738,205.566,533.204,237.253,0.00545
traffic light,199.865,117.449,213.975,149.921,0.005353
person,400.802,231.743,451.941,324.223,0.005306
umbrella,520.081,135.689,566.936,175.764,0.005259
person,455.411,205.741,487.296,237.314,0.005245
person,0.0,274.419,21.613,455.672,0.005216
person,70.133,245.976,103.471,413.826,0.005215
person,82.273,216.879,103.008,245.266,0.005013
person,487.075,202.768,502.079,224.631,0.004987
cell phone,618.582,311.017,634.089,319.367,0.004968
traffic light,224.293,27.297,239.981,60.461,0.00491
person,106.005,224.345,545.466,486.865,0.004802
traffic light,140.541,99.61,163.93,148.728,0.00479
person,406.26,202.327,440.643,242.901,0.004708
cell phone,292.549,274.972,372.614,326.02,0.00464
tie,586.6,276.105,623.904,446.936,0.004561
traffic light,520.081,135.689,566.936,175.764,0.004506
person,490.042,203.766,524.162,242.967,0.004374
person,119.546,221.206,133.601,238.502,0.004363
tie,595.818,285.961,637.137,439.167,0.004242
person,27.453,207.355,119.029,483.969,0.004095
person,52.532,229.489,73.12,261.258,0.004065
handbag,474.09,212.089,567.588,479.543,0.00402
person,129.79,284.871,173.469,469.95,0.003982
person,484.435,206.171,518.329,255.694,0.003952
person,448.034,234.743,497.924,332.806,0.00395
person,611.389,207.274,640.0,259.578,0.003872
person,465.644,235.783,542.402,422.921,0.003794
traffic light,211.436,150.326,231.941,167.862,0.003765
person,608.871,242.721,640.0,396.182,0.00374
traffic light,520.564,170.354,540.606,202.303,0.0037
person,0.998,331.483,35.346,483.38,0.00368
tie,587.141,267.976,624.636,545.0,0.003616
person,456.979,211.792,551.396,350.782,0.003569
person,404.964,207.145,447.152,283.992,0.003502
person,136.057,209.017,159.909,234.384,0.003495
person,155.939,203.828,177.196,228.965,0.003474
person,397.207,205.189,427.303,259.872,0.003453
person,564.003,196.969,610.393,241.034,0.003423
traffic light,126.237,95.825,143.571,155.844,0.003416
cell phone,277.176,264.976,364.564,355.306,0.003263
person,489.019,208.275,609.415,420.478,0.003223
person,91.464,228.865,123.541,295.43,0.003164
person,593.187,222.231,621.261,270.107,0.003132
person,597.09,220.451,622.183,244.5,0.003126
person,468.843,243.749,517.059,294.81,0.003106
person,133.704,240.412,174.736,385.794,0.003104
person,58.016,231.142,92.863,275.871,0.003103
traffic light,202.885,119.621,216.471,151.303,0.003103
person,115.027,221.99,135.573,253.329,0.003098
person,436.181,202.854,481.332,289.631,0.003092
person,499.216,207.591,529.78,237.486,0.003076
person,461.123,207.068,493.358,253.022,0.003065
cell phone,370.214,266.297,385.702,320.145,0.002969
person,81.16,234.611,117.378,325.446,0.002964
tie,594.713,329.45,631.129,487.001,0.002955
handbag,478.981,307.763,529.464,379.646,0.002942
person,398.26,198.503,422.617,241.05,0.002907
person,521.828,201.758,542.404,231.117,0.002902
person,159.408,324.275,219.546,377.451,0.002812
person,463.476,253.567,518.981,317.928,0.0028
traffic light,195.263,166.413,210.791,192.183,0.002795
bottle,606.12,238.14,640.0,317.505,0.002731
person,593.459,217.799,619.533,256.223,0.00272
person,410.834,210.673,443.111,254.076,0.002707
person,121.167,220.772,139.288,240.331,0.002703
person,118.982,220.332,142.29,254.678,0.002656
person,445.686,214.319,490.719,322.067,0.002655
person,68.868,216.505,96.254,258.318,0.002641
person,111.236,238.258,156.363,317.753,0.002635
person,0.0,220.602,23.037,404.902,0.002622
handbag,67.983,250.781,102.206,373.078,0.002576
cell phone,361.704,263.543,389.0,328.306,0.002551
person,40.117,234.938,146.392,476.455,0.00255
person,86.337,256.303,156.697,394.678,0.002544
person,512.941,202.001,634.018,446.338,0.002544
person,62.813,241.84,111.55,391.714,0.002542
person,489.264,203.931,510.807,240.474,0.002518
cell phone,611.754,276.903,638.567,339.593,0.002508
person,57.617,229.826,95.559,393.917,0.002484
traffic light,223.679,101.789,242.463,135.492,0.00247
person,103.334,216.905,116.67,231.879,0.002435
traffic light,218.335,77.025,234.909,109.294,0.002432
person,632.768,195.838,639.838,217.366,0.002407
person,600.401,229.952,620.827,274.335,0.002406
person,6.698,206.592,49.209,252.981,0.002374
person,137.198,230.17,239.817,361.987,0.002337
traffic light,200.681,156.89,223.396,193.201,0.002277
traffic light,248.579,109.201,272.348,138.296,0.002275
person,478.081,293.934,531.281,393.27,0.00227
person,70.474,230.034,99.533,264.265,0.002267
person,164.59,233.916,211.97,287.583,0.002165
person,86.222,217.569,114.01,258.824,0.002163
person,116.605,231.385,161.031,306.774,0.002158
person,605.656,209.701,637.381,246.689,0.002142
person,441.676,201.053,458.403,228.151,0.002139
person,519.286,204.762,623.499,373.388,0.002131
person,96.89,218.157,135.868,274.259,0.002121
handbag,522.012,273.814,613.779,538.888,0.002112
traffic light,206.592,71.961,223.769,112.907,0.002093
person,115.591,216.954,153.654,255.242,0.002085
cell phone,356.179,262.181,390.17,367.881,0.002082
person,514.407,206.889,567.349,264.69,0.002074
person,130.521,205.653,151.418,239.735,0.002064
person,488.551,207.68,511.827,253.95,0.002062
cell phone,291.637,283.585,338.081,317.578,0.002059
person,181.447,209.894,197.257,232.151,0.002048
person,142.17,218.539,172.378,258.965,0.002044
person,486.117,201.596,590.656,324.139,0.002013
person,170.859,203.477,194.07,233.108,0.002008
person,430.988,246.479,539.817,382.984,0.001979
person,402.283,196.131,438.319,250.522,0.001967
person,427.714,204.766,453.111,232.511,0.001953
traffic light,292.669,0.947,363.973,26.444,0.001943
person,145.757,221.842,218.242,312.119,0.001901
person,625.722,193.797,639.802,220.388,0.001858
traffic light,127.328,99.108,150.162,155.28,0.00181
tie,586.628,338.798,605.89,440.309,0.001808
person,139.76,243.131,175.196,310.758,0.001806
person,634.808,225.979,640.0,532.171,0.001796
person,453.835,207.49,479.798,231.725,0.001783
person,130.076,220.168,151.636,271.741,0.001777
person,139.001,231.59,173.249,276.041,0.001767
cell phone,290.334,258.505,390.492,361.208,0.001757
person,0.626,230.317,25.276,276.852,0.001741
person,1.134,212.159,77.959,350.649,0.001737
person,0.0,314.253,26.908,470.822,0.001725
person,393.463,208.909,419.508,298.026,0.001698
person,57.799,219.279,77.123,245.259,0.00169
handbag,74.475,295.096,89.93,342.363,0.001689
person,0.0,225.634,13.335,294.597,0.001677
person,618.321,215.506,639.379,259.225,0.001667
handbag,490.883,210.556,618.632,570.75,0.001654
person,92.292,218.783,104.806,240.448,0.001639
cell phone,292.856,246.22,356.758,313.791,0.001629
person,147.001,219.186,193.11,303.521,0.001618
traffic light,263.571,106.255,302.235,146.802,0.001616
person,122.745,228.844,154.941,280.584,0.001594
hair drier,610.394,258.136,640.0,318.478,0.00159
person,12.023,159.559,434.668,550.003,0.001586
person,506.624,204.282,539.723,257.585,0.001579
person,0.0,217.574,34.892,308.095,0.001577
person,50.712,228.046,89.77,330.448,0.001574
person,165.612,321.823,240.336,396.292,0.001566
person,411.389,247.388,459.25,323.784,0.001555
