carrot,519.906,253.561,574.682,315.132,0.26883
carrot,236.269,56.231,299.694,110.292,0.262834
carrot,359.789,309.248,447.259,393.471,0.254097
carrot,196.25,171.157,274.391,246.919,0.195258
carrot,133.51,187.83,201.612,258.099,0.143602
broccoli,284.147,75.607,352.135,133.41,0.107922
broccoli,304.456,90.49,400.33,163.838,0.105962
broccoli,247.082,138.1,410.183,315.944,0.087081
carrot,555.444,227.164,588.487,271.016,0.082713
broccoli,297.128,189.56,359.272,263.293,0.074868
broccoli,282.16,90.681,369.127,160.923,0.073246
carrot,544.488,173.486,589.237,224.995,0.071077
carrot,513.265,171.886,584.952,219.484,0.067685
carrot,445.894,256.949,528.117,330.873,0.06642
bowl,257.433,28.684,637.408,426.0,0.064332
carrot,473.096,198.29,542.737,264.466,0.061935
carrot,393.782,208.187,459.842,269.189,0.058088
broccoli,278.671,83.875,425.519,171.172,0.057947
carrot,356.615,299.363,414.28,363.272,0.051345
orange,133.136,188.996,200.807,260.594,0.045027
knife,523.286,2.725,640.0,71.598,0.044761
carrot,520.834,231.722,569.723,307.921,0.041536
orange,520.009,255.198,573.932,315.371,0.040222
broccoli,149.417,109.161,504.143,404.544,0.039062
spoon,1.871,1.73,245.523,80.23,0.037968
dining table,256.813,99.866,636.089,417.573,0.037513
broccoli,288.209,69.236,338.893,122.614,0.036691
carrot,524.951,169.742,578.123,211.023,0.036502
broccoli,543.529,179.822,586.14,225.59,0.036126
orange,446.868,254.96,527.572,327.233,0.033536
carrot,510.044,198.152,573.799,268.534,0.032842
spoon,2.268,2.756,248.639,127.744,0.030164
carrot,513.712,173.766,559.049,199.831,0.029795
broccoli,386.037,158.522,432.225,192.537,0.029557
dining table,0.0,97.985,454.855,421.223,0.029115
carrot,238.651,309.412,288.336,349.932,0.028192
orange,196.25,171.157,274.391,246.919,0.026862
carrot,187.493,141.828,292.568,271.018,0.026855
orange,393.782,208.187,459.842,269.189,0.026784
carrot,211.334,112.714,252.502,170.149,0.026578
carrot,199.108,107.602,245.63,164.751,0.026509
bowl,0.0,97.985,454.855,421.223,0.024506
bowl,138.792,0.0,565.954,413.789,0.024279
bowl,309.144,106.436,640.0,414.673,0.023874
carrot,226.153,131.685,274.628,179.525,0.023328
carrot,361.599,184.201,412.677,230.738,0.023146
carrot,412.349,308.447,492.527,389.567,0.022822
bowl,166.938,100.408,603.167,424.201,0.02213
broccoli,274.444,195.913,377.956,316.266,0.021978
carrot,549.777,171.025,583.255,207.486,0.02196
dining table,447.78,258.602,526.213,328.771,0.021858
carrot,552.076,204.537,592.022,262.913,0.021804
carrot,309.091,156.984,341.47,191.245,0.021784
carrot,528.219,219.673,553.386,255.942,0.021691
dining table,368.462,208.012,602.441,383.012,0.021194
carrot,547.891,225.599,597.956,284.496,0.020494
bowl,0.0,2.097,199.599,72.453,0.020354
broccoli,286.812,47.685,338.272,97.001,0.020141
carrot,377.307,39.424,437.777,87.842,0.019538
dining table,99.803,0.0,540.953,413.889,0.019077
carrot,247.972,50.403,312.646,105.551,0.018642
dining table,130.807,98.099,563.979,423.728,0.018284
broccoli,290.547,103.494,367.453,176.892,0.018182
broccoli,228.761,131.518,294.553,184.959,0.017752
broccoli,486.8,146.992,539.188,187.968,0.017418
carrot,164.818,137.828,213.088,187.002,0.017252
broccoli,303.059,240.798,352.419,269.935,0.016671
broccoli,361.035,183.924,413.221,230.758,0.016468
broccoli,316.729,191.716,368.71,249.917,0.016384
broccoli,215.297,46.079,487.566,215.758,0.016384
pizza,130.807,98.099,563.979,423.728,0.016377
broccoli,323.815,101.679,394.748,176.957,0.016282
broccoli,439.876,189.334,477.054,229.374,0.016172
spoon,523.286,2.725,640.0,71.598,0.015919
broccoli,388.82,209.438,457.169,270.24,0.015789
fork,523.286,2.725,640.0,71.598,0.015589
broccoli,226.153,131.685,274.628,179.525,0.015527
carrot,104.806,114.224,359.098,286.444,0.015508
dining table,183.919,168.436,587.69,416.814,0.015132
carrot,363.457,179.21,483.15,298.034,0.014935
carrot,489.87,171.758,552.85,203.314,0.014841
dining table,184.77,0.0,579.125,358.338,0.014684
broccoli,307.218,87.441,451.443,183.772,0.014606
broccoli,200.548,0.0,564.669,334.803,0.01454
broccoli,525.692,175.345,584.746,225.726,0.014535
carrot,512.785,242.064,566.515,301.143,0.014503
carrot,476.804,170.327,551.027,214.447,0.014012
carrot,197.496,132.654,258.888,183.137,0.013887
broccoli,380.795,145.35,445.642,188.734,0.013677
carrot,522.761,176.958,552.84,198.149,0.013517
spoon,0.0,70.459,78.195,189.444,0.013467
pizza,157.94,0.0,545.777,350.216,0.013465
broccoli,128.804,30.373,573.123,424.589,0.013434
carrot,530.649,217.496,563.195,257.503,0.013273
carrot,226.592,109.373,291.804,158.436,0.01323
fork,2.268,2.756,248.639,127.744,0.013032
broccoli,208.264,188.697,557.813,398.364,0.013032
dining table,149.867,30.814,493.595,231.01,0.012749
broccoli,301.419,59.388,394.403,152.252,0.012511
carrot,471.41,190.134,543.37,223.552,0.012419
broccoli,508.446,170.257,587.858,222.46,0.012378
bowl,363.457,179.21,483.15,298.034,0.011947
dining table,135.482,189.47,199.962,256.794,0.011872
carrot,228.761,131.518,294.553,184.959,0.011851
knife,459.672,0.863,633.885,72.103,0.011685
broccoli,479.608,136.538,525.093,183.63,0.011476
apple,520.009,255.198,573.932,315.371,0.01145
carrot,199.028,169.75,270.886,214.253,0.011403
dining table,307.759,0.0,640.0,382.622,0.011346
bowl,127.27,160.027,519.376,415.183,0.011255
broccoli,356.242,115.383,396.869,165.946,0.011213
carrot,217.101,120.298,249.691,164.856,0.011183
broccoli,104.845,11.687,475.495,384.573,0.0111
dining table,0.0,119.225,327.095,335.269,0.011088
carrot,475.204,266.002,526.669,332.663,0.011008
carrot,292.113,287.761,323.135,320.68,0.010834
hot dog,520.009,255.198,573.932,315.371,0.010785
carrot,486.22,197.194,551.175,274.835,0.010714
broccoli,259.467,181.356,434.267,336.934,0.01069
broccoli,294.331,92.104,471.925,234.276,0.010668
bowl,173.581,146.324,299.371,288.851,0.010454
carrot,205.874,105.217,250.88,149.168,0.010391
dining table,22.194,0.0,493.148,282.08,0.010294
dining table,104.806,114.224,359.098,286.444,0.010286
broccoli,235.694,67.611,531.636,386.753,0.010182
carrot,548.632,184.799,580.79,223.22,0.010161
carrot,391.005,105.786,426.916,151.296,0.010112
fork,0.0,2.097,199.599,72.453,0.01007
broccoli,203.066,168.907,277.601,245.227,0.009839
orange,359.789,309.248,447.259,393.471,0.009477
banana,393.782,208.187,459.842,269.189,0.009347
broccoli,211.334,112.714,252.502,170.149,0.009166
carrot,486.386,191.85,546.043,255.093,0.009159
spoon,0.0,61.829,79.299,150.036,0.009084
broccoli,300.24,244.837,352.073,286.424,0.009004
carrot,244.916,311.585,277.997,348.162,0.00898
apple,447.355,254.749,527.244,327.1,0.008946
broccoli,305.684,81.936,382.624,139.808,0.008935
broccoli,278.222,112.733,347.007,168.992,0.008879
carrot,153.837,87.606,306.143,230.114,0.008799
carrot,368.098,295.618,413.976,339.254,0.008723
broccoli,387.273,171.212,443.858,214.322,0.008697
broccoli,363.457,179.21,483.15,298.034,0.008472
dining table,198.744,173.586,277.27,244.841,0.008472
orange,475.204,266.002,526.669,332.663,0.0084
dining table,173.581,146.324,299.371,288.851,0.008373
broccoli,409.422,193.551,442.773,215.08,0.008319
broccoli,399.888,157.767,441.433,191.665,0.008272
carrot,453.455,243.157,540.116,346.635,0.008159
carrot,183.434,94.146,263.752,179.491,0.00811
broccoli,265.923,88.805,330.898,129.531,0.008088
spoon,0.0,56.648,119.389,201.106,0.008068
knife,0.0,61.829,79.299,150.036,0.007989
broccoli,461.494,61.432,563.746,273.571,0.007959
carrot,129.304,100.013,251.206,227.162,0.007949
carrot,540.133,261.225,597.744,309.649,0.007877
carrot,89.77,166.193,155.784,225.884,0.007873
carrot,569.017,180.401,594.901,228.231,0.007857
broccoli,487.474,238.813,510.322,266.571,0.007847
carrot,551.696,207.804,586.594,234.643,0.007833
broccoli,469.508,202.834,537.534,267.83,0.00771
knife,2.268,2.756,248.639,127.744,0.007635
carrot,87.994,192.22,151.712,260.991,0.007609
broccoli,344.401,197.996,416.345,254.943,0.007596
broccoli,360.074,105.393,397.103,148.408,0.007464
broccoli,548.632,184.799,580.79,223.22,0.007435
carrot,218.04,116.187,272.989,170.689,0.007427
bowl,198.744,173.586,277.27,244.841,0.007425
bowl,61.706,0.0,518.368,297.669,0.007374
dining table,226.555,78.189,424.455,173.676,0.007372
dining table,382.731,107.98,632.831,411.546,0.007342
broccoli,391.316,162.102,421.976,190.284,0.007334
carrot,0.0,119.225,327.095,335.269,0.00733
knife,510.972,6.515,640.0,117.944,0.007312
carrot,538.078,172.809,564.976,206.4,0.007283
broccoli,269.66,120.608,324.342,165.475,0.007266
broccoli,340.176,258.683,421.326,328.679,0.007257
carrot,351.438,170.25,547.113,339.456,0.00724
knife,0.0,70.459,78.195,189.444,0.007213
bowl,472.267,198.494,543.788,264.228,0.00721
broccoli,291.187,230.675,411.702,348.976,0.007167
carrot,238.066,295.739,291.164,346.553,0.007121
bowl,82.144,73.186,402.543,363.214,0.007112
carrot,518.163,227.688,561.309,275.14,0.007091
carrot,42.661,29.116,335.043,373.879,0.00703
carrot,365.561,308.417,447.195,364.172,0.007029
carrot,198.033,293.88,327.722,362.168,0.007028
broccoli,426.488,177.697,480.355,218.709,0.006976
broccoli,228.458,196.506,418.303,375.89,0.006935
banana,448.597,258.017,526.466,334.565,0.006896
bowl,307.759,0.0,640.0,382.622,0.006788
broccoli,411.64,144.503,439.739,170.218,0.006745
knife,0.0,2.097,199.599,72.453,0.00671
broccoli,287.921,43.706,329.413,80.403,0.006671
spoon,459.672,0.863,633.885,72.103,0.006622
pizza,60.877,152.319,519.009,419.638,0.006588
carrot,162.727,142.071,203.972,177.97,0.006544
carrot,353.9,135.238,594.544,388.826,0.006527
broccoli,381.918,263.679,434.581,307.453,0.006462
dining table,1.876,14.087,374.378,379.539,0.006368
carrot,392.049,194.055,507.077,277.356,0.006357
bowl,447.78,258.602,526.213,328.771,0.006352
banana,520.009,255.198,573.932,315.371,0.006324
broccoli,363.205,262.405,421.719,308.048,0.006289
broccoli,317.083,50.549,370.029,99.679,0.006202
broccoli,292.71,56.823,360.068,127.727,0.006128
cup,0.0,2.097,199.599,72.453,0.006104
broccoli,189.651,38.491,453.061,166.525,0.006096
knife,0.0,56.648,119.389,201.106,0.006051
bowl,1.876,14.087,374.378,379.539,0.006034
bowl,149.867,30.814,493.595,231.01,0.006018
broccoli,340.504,162.447,424.884,227.522,0.006013
dining table,60.877,152.319,519.009,419.638,0.006013
broccoli,271.755,165.179,305.277,226.417,0.005997
carrot,497.405,177.789,573.936,227.727,0.00598
bowl,177.809,63.662,512.701,385.957,0.005906
carrot,344.401,197.996,416.345,254.943,0.005891
broccoli,257.701,125.891,300.375,187.662,0.005812
carrot,82.144,73.186,402.543,363.214,0.005801
broccoli,242.795,56.645,319.517,121.754,0.005785
carrot,222.139,109.118,277.085,138.234,0.00571
carrot,160.594,143.775,205.639,192.187,0.005645
carrot,232.042,134.818,266.52,177.533,0.005645
dining table,208.572,12.556,556.09,256.549,0.00564
broccoli,187.493,141.828,292.568,271.018,0.005614
broccoli,335.546,88.301,374.986,132.509,0.005584
broccoli,317.009,191.415,445.36,326.509,0.005534
fork,459.672,0.863,633.885,72.103,0.005502
broccoli,356.615,299.363,414.28,363.272,0.005468
carrot,271.113,121.958,323.484,164.382,0.005461
carrot,529.025,228.157,572.07,278.037,0.005455
knife,458.297,5.158,636.05,128.432,0.005399
dining table,96.162,67.069,395.212,328.764,0.005362
pizza,215.297,46.079,487.566,215.758,0.005352
dining table,233.971,0.0,640.0,284.04,0.005349
broccoli,293.682,172.037,353.683,231.17,0.005338
broccoli,336.211,215.938,379.325,259.058,0.005323
broccoli,338.091,161.913,409.254,190.749,0.005318
carrot,484.423,185.831,550.867,228.613,0.005301
bowl,208.264,188.697,557.813,398.364,0.005213
carrot,370.769,323.609,468.281,398.766,0.005192
broccoli,286.885,205.175,344.53,267.793,0.005178
fork,0.0,56.648,119.389,201.106,0.005172
broccoli,257.992,136.952,295.511,206.185,0.005171
carrot,368.462,208.012,602.441,383.012,0.005162
carrot,362.555,299.94,529.059,398.677,0.005141
carrot,357.779,262.74,397.792,304.631,0.005083
broccoli,552.076,204.537,592.022,262.913,0.005064
fork,0.0,70.459,78.195,189.444,0.005053
broccoli,296.962,77.918,330.087,115.517,0.005046
carrot,236.815,108.654,290.755,135.7,0.005044
bowl,368.462,208.012,602.441,383.012,0.004983
carrot,425.047,127.036,598.855,328.998,0.004965
carrot,455.706,100.163,572.708,291.006,0.004941
broccoli,346.911,93.355,370.136,126.646,0.004899
knife,556.356,15.139,639.456,70.855,0.004878
carrot,479.122,162.163,596.053,290.802,0.004877
broccoli,43.951,99.02,463.872,418.736,0.004848
broccoli,276.239,16.561,625.648,381.698,0.004847
dining table,0.0,166.439,337.692,426.0,0.004822
broccoli,308.842,49.163,353.076,102.144,0.004816
orange,468.473,189.81,544.066,260.905,0.004796
broccoli,361.237,102.377,416.96,151.125,0.004787
donut,520.009,255.198,573.932,315.371,0.004783
broccoli,333.053,72.609,377.335,115.137,0.004763
carrot,340.504,162.447,424.884,227.522,0.004752
apple,133.136,188.996,200.807,260.594,0.004749
broccoli,279.767,53.594,417.618,158.467,0.004733
carrot,242.795,56.645,319.517,121.754,0.004724
bowl,425.047,127.036,598.855,328.998,0.004722
broccoli,218.04,116.187,272.989,170.689,0.004719
carrot,153.94,71.261,368.34,198.043,0.004682
pizza,168.899,177.355,535.633,401.321,0.004646
carrot,271.361,55.417,315.522,95.698,0.004643
carrot,350.524,35.771,420.195,90.244,0.004637
wine glass,410.254,0.0,616.03,70.632,0.004581
carrot,555.011,212.842,583.99,231.519,0.004571
carrot,535.861,209.162,561.917,234.162,0.004568
broccoli,346.747,162.929,411.209,208.531,0.004532
broccoli,88.314,0.0,490.544,281.689,0.004523
carrot,387.273,171.212,443.858,214.322,0.004511
pizza,278.671,83.875,425.519,171.172,0.004487
carrot,388.269,116.86,418.953,157.095,0.00448
carrot,426.488,177.697,480.355,218.709,0.004458
broccoli,363.333,109.773,395.778,140.902,0.004454
broccoli,174.793,94.513,339.841,229.397,0.004436
dining table,363.457,179.21,483.15,298.034,0.004428
dining table,153.94,71.261,368.34,198.043,0.004422
pizza,208.572,12.556,556.09,256.549,0.004415
broccoli,226.592,109.373,291.804,158.436,0.004406
carrot,523.772,233.699,553.743,270.247,0.004405
carrot,170.959,133.438,224.502,181.098,0.004392
carrot,356.365,192.377,402.794,240.173,0.004382
carrot,309.951,285.917,508.153,392.987,0.004363
carrot,244.715,262.437,533.446,399.825,0.004349
broccoli,524.951,169.742,578.123,211.023,0.004313
carrot,241.923,49.264,287.877,79.885,0.004311
carrot,537.394,213.456,556.649,233.316,0.004308
carrot,447.102,259.346,497.679,318.741,0.004307
carrot,269.813,100.081,624.805,407.679,0.004299
